Host: erc-hpc-comp027
MODEL=RS CASE=1 MIS_TYPE=contam RHO=0.25
============================================================
Method comparison
MODEL=RS cases=1 misspec=contam rho=0.25
N=2500 p=50 R=10,20,50 Var.a=0.5,2.25
nloop=50 tau=255
Methods: ORACLE, OBS, LM, KM, GMM, CPF, BLM, CIRG
============================================================

Running case=1 R=10 Var.a=0.5
Saved: results_comparison/RS_case1_R10_vara0.5_varb0.1_contam_rho25.rds 

Running case=1 R=10 Var.a=2.25
Saved: results_comparison/RS_case1_R10_vara2.25_varb0.1_contam_rho25.rds 

Running case=1 R=20 Var.a=0.5
Saved: results_comparison/RS_case1_R20_vara0.5_varb0.1_contam_rho25.rds 

Running case=1 R=20 Var.a=2.25
Saved: results_comparison/RS_case1_R20_vara2.25_varb0.1_contam_rho25.rds 

Running case=1 R=50 Var.a=0.5
Saved: results_comparison/RS_case1_R50_vara0.5_varb0.1_contam_rho25.rds 

Running case=1 R=50 Var.a=2.25
Saved: results_comparison/RS_case1_R50_vara2.25_varb0.1_contam_rho25.rds 
There were 50 or more warnings (use warnings() to see the first 50)

Finished. Elapsed minutes: 1951.418 
Saved combined: results_comparison/RS_cases1_grid_contam_rho25.rds 

   method mis_type  rho  n convergence_rate MSPE_mean  MSPE_MCSE beta_MSE_mean beta_MSE_MCSE beta_SSE_mean beta_SSE_MCSE intercept_MSE_mean intercept_MSE_MCSE Var_a_hat_mean Var_a_hat_MCSE Var_b_hat_mean Var_b_hat_MCSE
1     BLM   contam 0.25 50             1.00 10.913516 0.05616089   0.017759485  0.0005627923     0.8879742   0.028139615         0.05604531        0.011161600   5.555561e-05   1.983877e-07   0.0001664400   5.881111e-07
2    CIRG   contam 0.25 50             1.00 12.070674 0.06774578   0.021760192  0.0006521184     1.0880096   0.032605920         0.07242457        0.014429208   7.854518e+00   1.355058e-01   0.0029706465   5.177111e-04
3     CPF   contam 0.25 50             1.00 10.187127 0.04431248   0.016195938  0.0005167993     0.8097969   0.025839965         0.05471240        0.013583475   2.480469e-01   1.639546e-02   0.0435601877   8.863443e-04
4      KM   contam 0.25 50             1.00 10.913514 0.05618591   0.017756462  0.0005626999     0.8878231   0.028134993         0.05604182        0.011140097   1.109410e-04   6.558821e-06   0.0003803443   1.095021e-05
5      LM   contam 0.25 50             1.00 10.913516 0.05616089   0.017759485  0.0005627923     0.8879742   0.028139615         0.05604531        0.011161600   0.000000e+00   0.000000e+00             NA             NA
6     OBS   contam 0.25 50             1.00 10.166657 0.04423113   0.016043518  0.0005124824     0.8021759   0.025624120         0.05359886        0.012972160   2.394719e-01   1.482082e-02   0.0456624791   7.707904e-04
7  ORACLE   contam 0.25 50             1.00  9.411539 0.03693053   0.014977877  0.0004636841     0.7488939   0.023184206         0.05439272        0.013262147   4.307119e-01   2.645641e-02   0.0843105962   1.150514e-03
8     BLM   contam 0.25 50             1.00 12.452424 0.14712008   0.018290644  0.0005788604     0.9145322   0.028943022         0.24012771        0.048727300   6.334523e-05   6.945680e-07   0.0001897754   2.074867e-06
9    CIRG   contam 0.25 50             1.00 13.919379 0.16455876   0.023276206  0.0007877465     1.1638103   0.039387325         0.24562579        0.048706310   9.275669e+00   1.809027e-01   0.0046381425   6.988798e-04
10    CPF   contam 0.25 50             1.00 10.849097 0.07380493   0.016562291  0.0005356107     0.8281146   0.026780535         0.22130183        0.056500722   1.093906e+00   6.459773e-02   0.0434937986   8.557528e-04
11     KM   contam 0.25 50             1.00 12.452629 0.14712868   0.018268553  0.0005781528     0.9134277   0.028907641         0.24022726        0.048681128   4.184613e-04   2.980623e-04   0.0004118028   1.057226e-05
12     LM   contam 0.25 50             1.00 12.452424 0.14712008   0.018290644  0.0005788604     0.9145322   0.028943022         0.24012771        0.048727300   0.000000e+00   0.000000e+00             NA             NA
13    OBS   contam 0.25 50             1.00 10.835674 0.07404744   0.016376814  0.0005165866     0.8188407   0.025829331         0.22038265        0.055981245   1.071736e+00   6.348089e-02   0.0453254124   7.623927e-04
14 ORACLE   contam 0.25 50             1.00  9.411873 0.03690174   0.014977326  0.0004633073     0.7488663   0.023165364         0.22676750        0.058109297   1.912628e+00   1.123906e-01   0.0843173364   1.150800e-03
15    BLM   contam 0.25 50             1.00 11.098619 0.04690494   0.011859335  0.0003664583     0.5929668   0.018322914         0.03813023        0.007031008   5.614508e-05   1.438453e-07   0.0001682786   4.334928e-07
16   CIRG   contam 0.25 50             1.00 12.390540 0.06833276   0.015915169  0.0004602343     0.7957585   0.023011713         0.04304023        0.009436308   8.300171e+00   1.416359e-01   0.0056448425   8.387312e-04
17    CPF   contam 0.25 50             1.00 10.553863 0.04036083   0.011362726  0.0003451557     0.5681363   0.017257784         0.03771552        0.006671647   2.951935e-01   1.424514e-02   0.0360867835   1.182295e-03
18     KM   contam 0.25 50             1.00 11.099400 0.04699093   0.011857762  0.0003683712     0.5928881   0.018418562         0.03798627        0.007021173   9.450136e-04   5.416392e-04   0.0003759457   9.572243e-06
19     LM   contam 0.25 50             1.00 11.098619 0.04690494   0.011859335  0.0003664583     0.5929668   0.018322914         0.03813023        0.007031008   0.000000e+00   0.000000e+00             NA             NA
20    OBS   contam 0.25 50             1.00 10.458780 0.03936288   0.010866809  0.0003236083     0.5433405   0.016180414         0.03027104        0.005902705   2.536174e-01   1.197089e-02   0.0488240791   8.714363e-04
21 ORACLE   contam 0.25 50             1.00  9.717032 0.03424688   0.010353124  0.0002938604     0.5176562   0.014693022         0.02971137        0.005690649   4.696375e-01   2.089376e-02   0.0889359965   1.050408e-03
22    BLM   contam 0.25 50             1.00 12.773234 0.11519478   0.012507612  0.0004093819     0.6253806   0.020469095         0.15945723        0.029247359   6.451164e-05   4.905497e-07   0.0001933535   1.467413e-06
23   CIRG   contam 0.25 50             1.00 14.189710 0.13013947   0.017129780  0.0005600130     0.8564890   0.028000649         0.15503605        0.025666919   9.293769e+00   1.706349e-01   0.0044542528   7.779921e-04
24    CPF   contam 0.25 50             1.00 11.299859 0.06235114   0.011460135  0.0003523450     0.5730067   0.017617251         0.16592025        0.033331193   1.303491e+00   6.149965e-02   0.0376800568   1.169555e-03
25     KM   contam 0.25 50             1.00 12.773946 0.11529418   0.012516128  0.0004114873     0.6258064   0.020574363         0.15909545        0.029207583   7.423616e-04   4.805789e-04   0.0003966950   1.228252e-05
26     LM   contam 0.25 50             1.00 12.773234 0.11519478   0.012507612  0.0004093819     0.6253806   0.020469095         0.15945723        0.029247359   0.000000e+00   0.000000e+00             NA             NA
27    OBS   contam 0.25 50             1.00 11.209870 0.06275603   0.011137086  0.0003427891     0.5568543   0.017139455         0.11959584        0.024161805   1.172189e+00   5.307275e-02   0.0484992823   9.135278e-04
28 ORACLE   contam 0.25 50             1.00  9.717942 0.03437776   0.010355275  0.0002944910     0.5177638   0.014724548         0.11877657        0.023639090   2.128441e+00   9.528306e-02   0.0889382005   1.051628e-03
29    BLM   contam 0.25 50             1.00 11.142331 0.04916288   0.007146974  0.0002248059     0.3573487   0.011240296         0.01617348        0.003141905   5.657973e-05   1.559542e-07   0.0001694847   4.612791e-07
30   CIRG   contam 0.25 50             1.00 12.438069 0.07162968   0.011804019  0.0003624316     0.5902009   0.018121581         0.03393811        0.006602520   8.300883e+00   1.483487e-01   0.0048709065   8.629603e-04
31    CPF   contam 0.25 50             0.94 11.023404 0.04722716   0.007123102  0.0002212589     0.3561551   0.011062945         0.08987207        0.015210095   6.446303e-01   4.970217e-02   0.0007592216   2.492482e-04
32     KM   contam 0.25 50             1.00 11.142572 0.04911034   0.007146643  0.0002246650     0.3573322   0.011233249         0.01614110        0.003131707   9.966107e-05   3.974191e-06   0.0003952557   6.296350e-06
33     LM   contam 0.25 50             1.00 11.142331 0.04916288   0.007146974  0.0002248059     0.3573487   0.011240296         0.01617348        0.003141905   0.000000e+00   0.000000e+00             NA             NA
34    OBS   contam 0.25 50             1.00 10.693258 0.04566324   0.006770589  0.0002038859     0.3385294   0.010194297         0.01224973        0.002432340   2.649733e-01   9.404962e-03   0.0520342659   8.285853e-04
35 ORACLE   contam 0.25 50             1.00 10.105641 0.04305828   0.006498033  0.0001967231     0.3249017   0.009836153         0.01062383        0.002154713   4.695983e-01   1.505659e-02   0.0934067253   1.175902e-03
36    BLM   contam 0.25 50             1.00 12.799675 0.08649625   0.007738344  0.0002399188     0.3869172   0.011995942         0.06935151        0.013815892   6.504110e-05   3.771457e-07   0.0001948294   1.121753e-06
37   CIRG   contam 0.25 50             1.00 14.290492 0.10885085   0.012844287  0.0003408595     0.6422144   0.017042974         0.09159600        0.019355814   9.705313e+00   1.803362e-01   0.0065168732   9.376397e-04
38    CPF   contam 0.25 50             0.94 12.122806 0.07121478   0.007533496  0.0002329042     0.3766748   0.011645212         0.28411548        0.055934662   2.662618e+00   1.694485e-01   0.0015629750   4.580828e-04
39     KM   contam 0.25 50             1.00 12.799888 0.08645557   0.007738409  0.0002397028     0.3869205   0.011985140         0.06929158        0.013789779   1.077187e-04   4.759128e-06   0.0004241505   6.426656e-06
40     LM   contam 0.25 50             1.00 12.799675 0.08649625   0.007738344  0.0002399188     0.3869172   0.011995942         0.06935151        0.013815892   0.000000e+00   0.000000e+00             NA             NA
41    OBS   contam 0.25 50             1.00 11.447621 0.05862359   0.007022417  0.0002095431     0.3511209   0.010477157         0.04742722        0.010330829   1.210225e+00   3.563356e-02   0.0516915528   8.535451e-04
42 ORACLE   contam 0.25 50             1.00 10.114171 0.04331035   0.006504009  0.0001980560     0.3252005   0.009902801         0.04222902        0.009433416   2.139119e+00   6.362439e-02   0.0934228141   1.184781e-03
   Var_e_hat_mean Var_e_hat_MCSE Var_a_MSE_mean Var_a_MSE_MCSE Var_b_MSE_mean Var_b_MSE_MCSE Var_e_MSE_mean Var_e_MSE_MCSE   G_MSE_mean   G_MSE_MCSE selected_K_mean selected_K_MCSE runtime_mean runtime_MCSE
1       10.815522     0.03864876     0.24994445   1.983654e-07   0.0099667397   1.174246e-07     3.36931129    0.149648475 2.876899e-04 2.333455e-09            1.00      0.00000000      0.36768 7.705680e-03
2        3.229638     0.09813237    54.98866473   2.035448e+00   0.0094278287   9.751030e-05    33.76894470    1.127593222 2.132259e-02 7.810637e-04            3.20      0.17842851    231.71738 4.067389e+01
3        9.863209     0.02317673     0.07665210   7.119542e-03   0.0032239471   9.826516e-05     0.77145146    0.041270508 9.144539e-05 3.525208e-06            9.38      0.09851966      0.63738 1.437330e-02
4       10.812816     0.03862612     0.24988907   6.556634e-06   0.0099240817   2.183035e-06     3.35940766    0.149332922 2.868486e-04 3.986915e-08            2.00      0.00000000    232.21570 5.451018e+00
5       10.812693     0.03863865     0.25000000   0.000000e+00             NA             NA     3.35901064    0.149389081           NA           NA            1.00      0.00000000      0.01560 3.649769e-03
6        9.827556     0.02225293     0.07863807   7.053006e-03   0.0029816780   8.292801e-05     0.70911385    0.038566029 8.755170e-05 3.391088e-06           10.00      0.00000000      0.36954 6.444818e-03
7        9.021337     0.01761899     0.03909797   5.117057e-03   0.0003110179   3.729689e-05     0.01566628    0.002995520 2.101071e-05 2.172417e-06           10.00      0.00000000      0.21356 4.576173e-03
8       12.332013     0.13525514     5.06221495   3.125466e-06   0.0099620811   4.141677e-07    11.99871387    0.989946933 2.137762e-03 9.163179e-09            1.00      0.00000000      0.30368 7.618583e-03
9        3.457122     0.11435100    50.96359196   2.644596e+00   0.0091178171   1.278233e-04    31.36422407    1.211245806 1.976912e-02 1.015355e-03            3.58      0.22331455    181.68076 2.007824e+01
10      10.526965     0.06104317     1.54102299   1.377456e-01   0.0032288341   9.694710e-05     2.51420901    0.201657444 6.545424e-04 5.333001e-05            9.34      0.10540495      0.57324 1.542531e-02
11      12.328805     0.13519072     5.06062145   1.336770e-03   0.0099178145   2.106383e-06    11.97649421    0.988575183 2.136298e-03 5.169347e-07            2.00      0.00000000    200.14028 4.531195e+00
12      12.328788     0.13521977     5.06250000   0.000000e+00             NA             NA    11.97676341    0.988799291           NA           NA            1.00      0.00000000      0.01216 2.185548e-03
13      10.496376     0.06169812     1.58576670   1.384368e-01   0.0030177914   8.267371e-05     2.42566773    0.199709677 6.676879e-04 5.345030e-05           10.00      0.00000000      0.32956 6.846966e-03
14       9.021329     0.01762104     0.73277063   9.721345e-02   0.0003108386   3.726360e-05     0.01566947    0.003001047 2.877019e-04 3.740011e-05           10.00      0.00000000      0.19334 6.278607e-03
15      10.930755     0.02805136     0.24994386   1.438291e-07   0.0099663726   8.655217e-08     3.76637371    0.110719219 2.876826e-04 1.718984e-09            1.00      0.00000000      0.27080 1.082703e-03
16       3.070372     0.09122780    61.82563880   2.188580e+00   0.0089373658   1.521121e-04    35.56829205    1.044283526 2.394176e-02 8.396468e-04            3.60      0.19587585    181.64090 3.506112e+01
17      10.086130     0.02935177     0.05188900   5.828892e-03   0.0041533924   1.505424e-04     1.22189389    0.064314750 9.979186e-05 3.224091e-06           14.04      0.18507583      0.81802 1.798592e-02
18      10.928089     0.02794887     0.24907025   5.305617e-04   0.0099249567   1.908102e-06     3.75580191    0.110117332 2.865506e-04 2.122260e-07            2.00      0.00000000    187.07930 3.511685e+00
19      10.927897     0.02804403     0.25000000   0.000000e+00             NA             NA     3.75532313    0.110529544           NA           NA            1.00      0.00000000      0.00772 1.896075e-04
20       9.871883     0.02611400     0.06772621   5.851930e-03   0.0026561855   8.722547e-05     0.79359486    0.046612377 7.709938e-05 2.522154e-06           20.00      0.00000000      0.57706 1.062613e-02
21       9.010979     0.02088150     0.02231279   4.759336e-03   0.0001764766   2.350394e-05     0.02148636    0.004520093 1.197102e-05 1.858149e-06           20.00      0.00000000      0.28632 6.191926e-03
22      12.559642     0.09557988     5.06220970   2.207410e-06   0.0099613668   2.929089e-07    13.11868973    0.710897317 2.137746e-03 6.479153e-09            1.00      0.00000000      0.27330 2.073792e-03
23       3.680066     0.11900830    51.04137884   2.441922e+00   0.0091586481   1.412756e-04    28.99568593    1.241022581 1.979981e-02 9.370108e-04            3.30      0.18571429    204.89228 4.402391e+01
24      10.782118     0.04819138     1.08120806   1.121999e-01   0.0039508004   1.464991e-04     3.28974200    0.175304527 4.916371e-04 4.247974e-05           14.70      0.23776167      0.94748 2.159585e-02
25      12.556713     0.09546443     5.05917124   2.152200e-03   0.0099208258   2.448421e-06    13.09676428    0.709336702 2.135799e-03 8.330571e-07            2.00      0.00000000    186.95148 3.509190e+00
26      12.556357     0.09555488     5.06250000   0.000000e+00             NA             NA    13.09508239    0.710078281           NA           NA            1.00      0.00000000      0.00872 1.009360e-03
27      10.595699     0.04896431     1.29969569   1.023986e-01   0.0026932160   9.128256e-05     2.66373336    0.162659482 5.514635e-04 3.908982e-05           20.00      0.00000000      0.63076 1.225393e-02
28       9.010914     0.02087700     0.45964085   1.105768e-01   0.0001765536   2.350184e-05     0.02147574    0.004510358 1.801109e-04 4.249589e-05           20.00      0.00000000      0.31300 4.795236e-03
29      11.014912     0.03035717     0.24994342   1.559365e-07   0.0099661318   9.209922e-08     4.10502829    0.123423653 2.876778e-04 1.830238e-09            1.00      0.00000000      0.30520 3.549763e-03
30       3.129201     0.09439176    61.93213758   2.334276e+00   0.0090860347   1.552741e-04    34.90286400    1.074092513 2.398556e-02 8.957698e-04            3.52      0.19428571    137.90410 1.467821e+01
31      10.855691     0.02818940     0.14196290   4.348833e-02   0.0098517762   4.722278e-05     3.48252746    0.104539787 2.439645e-04 1.685722e-05            5.36      0.32546356      2.87066 1.850868e-01
32      11.012398     0.03031936     0.24990035   3.973204e-06   0.0099211070   1.254295e-06     4.09479072    0.123095045 2.867957e-04 2.325002e-08            2.00      0.00000000    186.92160 3.807974e+00
33      11.012032     0.03034923     0.25000000   0.000000e+00             NA             NA     4.09340449    0.123216567           NA           NA            1.00      0.00000000      0.01160 2.741815e-03
34       9.888552     0.02645576     0.05957178   3.988729e-03   0.0023343528   7.943590e-05     0.82381942    0.049104170 6.777755e-05 1.804724e-06           50.00      0.00000000      2.14294 4.106413e-02
35       9.000326     0.02398921     0.01203262   2.015197e-03   0.0001112258   2.180007e-05     0.02819874    0.005996217 6.764286e-06 9.096868e-07           50.00      0.00000000      0.90732 2.807736e-02
36      12.662164     0.07341131     5.06220732   1.697106e-06   0.0099610721   2.239100e-07    13.67551979    0.554826083 2.137740e-03 4.956410e-09            1.00      0.00000000      0.36228 6.750966e-03
37       3.516406     0.10848790    57.17521980   2.768729e+00   0.0087821742   1.690908e-04    30.64651529    1.125716809 2.215084e-02 1.062336e-03            3.62      0.18711559    176.08006 1.887942e+01
38      11.927797     0.05873717     1.57718007   5.695363e-01   0.0097001300   8.564085e-05     8.74105062    0.347655605 7.928437e-04 2.191731e-04            6.70      0.35599817      4.12526 2.338578e-01
39      12.659254     0.07334637     5.06201528   2.141473e-05   0.0099153518   1.279820e-06    13.65374297    0.553915449 2.136787e-03 2.192600e-08            2.00      0.00000000    212.46916 5.972259e+00
40      12.658853     0.07339210     5.06250000   0.000000e+00             NA             NA    13.65113861    0.554191934           NA           NA            1.00      0.00000000      0.01116 4.250906e-04
41      10.615305     0.04399985     1.14334954   6.937795e-02   0.0023694045   8.218926e-05     2.70407229    0.150634084 4.851287e-04 2.627642e-05           50.00      0.00000000      2.70518 6.855968e-02
42       9.000082     0.02400743     0.21064964   3.880221e-02   0.0001120410   2.190065e-05     0.02824149    0.006057163 8.314175e-05 1.498200e-05           50.00      0.00000000      1.17644 3.599669e-02
   iterations_mean iterations_MCSE group_ARI_mean group_ARI_MCSE case R_setting Var_a_setting
1            26.00       0.0000000   0.000000e+00   0.000000e+00    1        10          0.50
2            27.98       1.8433532   1.343813e-04   8.192242e-05    1        10          0.50
3            23.72       0.3876038   5.568392e-01   4.203834e-03    1        10          0.50
4            45.96       2.3786396   7.587281e-05   6.205999e-05    1        10          0.50
5             1.00       0.0000000             NA             NA    1        10          0.50
6            24.04       0.3533629   5.747475e-01   1.587019e-03    1        10          0.50
7            13.30       0.2817583   1.000000e+00   0.000000e+00    1        10          0.50
8            26.00       0.0000000   0.000000e+00   0.000000e+00    1        10          2.25
9            29.92       1.7423512   7.825872e-06   1.052202e-04    1        10          2.25
10           24.98       0.3880774   5.588810e-01   3.949145e-03    1        10          2.25
11           47.44       1.8757660   7.587281e-05   6.205999e-05    1        10          2.25
12            1.00       0.0000000             NA             NA    1        10          2.25
13           25.70       0.4002550   5.747475e-01   1.587019e-03    1        10          2.25
14           14.18       0.2333256   1.000000e+00   0.000000e+00    1        10          2.25
15           26.00       0.0000000   0.000000e+00   0.000000e+00    1        20          0.50
16           22.92       0.9937930  -2.043898e-05   7.002849e-05    1        20          0.50
17           42.70       1.3771458   4.625201e-01   7.269477e-03    1        20          0.50
18           45.32       3.6095610   2.695607e-05   4.649108e-05    1        20          0.50
19            1.00       0.0000000             NA             NA    1        20          0.50
20           42.28       0.8096560   5.694574e-01   9.452513e-04    1        20          0.50
21           20.36       0.4761752   1.000000e+00   0.000000e+00    1        20          0.50
22           26.00       0.0000000   0.000000e+00   0.000000e+00    1        20          2.25
23           29.96       2.4008434   4.497467e-05   7.070664e-05    1        20          2.25
24           46.52       1.6018459   4.704749e-01   7.218634e-03    1        20          2.25
25           52.56       5.8990252   2.695607e-05   4.649108e-05    1        20          2.25
26            1.00       0.0000000             NA             NA    1        20          2.25
27           46.30       0.9364501   5.694574e-01   9.452513e-04    1        20          2.25
28           22.40       0.3625308   1.000000e+00   0.000000e+00    1        20          2.25
29           26.00       0.0000000   0.000000e+00   0.000000e+00    1        50          0.50
30           26.26       1.5807025  -6.276885e-05   4.560953e-05    1        50          0.50
31          202.10      16.3179443   1.820141e-02   1.955214e-03    1        50          0.50
32           41.78       0.8262480  -2.794584e-05   2.516139e-05    1        50          0.50
33            1.00       0.0000000             NA             NA    1        50          0.50
34          103.84       2.0041508   5.650095e-01   9.904390e-04    1        50          0.50
35           43.36       1.3891004   1.000000e+00   0.000000e+00    1        50          0.50
36           26.00       0.0000000   0.000000e+00   0.000000e+00    1        50          2.25
37           25.00       1.3871127   9.753352e-06   4.255558e-05    1        50          2.25
38          235.42      16.6320588   2.587732e-02   2.802448e-03    1        50          2.25
39           44.74       0.8947968  -2.794584e-05   2.516139e-05    1        50          2.25
40            1.00       0.0000000             NA             NA    1        50          2.25
41          114.80       2.2805298   5.650095e-01   9.904390e-04    1        50          2.25
42           48.98       1.2140302   1.000000e+00   0.000000e+00    1        50          2.25
