Host: erc-hpc-comp017
MODEL=RI CASE=1 MIS_TYPE=contam RHO=0.25
============================================================
Method comparison
MODEL=RI cases=1 misspec=contam rho=0.25
N=2500 p=50 R=10,20,50 Var.a=0.5,2.25
nloop=50 tau=255
Methods: ORACLE, OBS, LM, KM, GMM, CPF, BLM, CIRG
============================================================

Running case=1 R=10 Var.a=0.5
Saved: results_comparison/RI_case1_R10_vara0.5_contam_rho25.rds 

Running case=1 R=10 Var.a=2.25
Saved: results_comparison/RI_case1_R10_vara2.25_contam_rho25.rds 

Running case=1 R=20 Var.a=0.5
Saved: results_comparison/RI_case1_R20_vara0.5_contam_rho25.rds 

Running case=1 R=20 Var.a=2.25
Saved: results_comparison/RI_case1_R20_vara2.25_contam_rho25.rds 

Running case=1 R=50 Var.a=0.5
Saved: results_comparison/RI_case1_R50_vara0.5_contam_rho25.rds 

Running case=1 R=50 Var.a=2.25
Saved: results_comparison/RI_case1_R50_vara2.25_contam_rho25.rds 
There were 50 or more warnings (use warnings() to see the first 50)

Finished. Elapsed minutes: 1976.122 
Saved combined: results_comparison/RI_cases1_grid_contam_rho25.rds 

   method mis_type  rho  n convergence_rate MSPE_mean  MSPE_MCSE beta_MSE_mean beta_MSE_MCSE beta_SSE_mean beta_SSE_MCSE intercept_MSE_mean intercept_MSE_MCSE Var_a_hat_mean Var_a_hat_MCSE Var_b_hat_mean Var_b_hat_MCSE
1     BLM   contam 0.25 50                1  9.227321 0.03717919   0.003638955  0.0001123826     0.1819478   0.005619129         0.06801513        0.015462005   0.2919395220   2.183353e-02             NA             NA
2    CIRG   contam 0.25 50                1 10.582215 0.07208974   0.007430313  0.0002434317     0.3715157   0.012171586         0.06101559        0.017830273   6.7774184167   9.988702e-02             NA             NA
3     CPF   contam 0.25 50                1  9.225275 0.03720789   0.003638975  0.0001122628     0.1819488   0.005613139         0.05531921        0.014622814   0.2397377013   1.461343e-02             NA             NA
4      KM   contam 0.25 50                1  9.462837 0.04838387   0.003763459  0.0001166685     0.1881729   0.005833426         0.05522861        0.011144653   0.0001505541   8.626959e-07             NA             NA
5      LM   contam 0.25 50                1  9.462837 0.04838286   0.003763902  0.0001166511     0.1881951   0.005832557         0.05522799        0.011144643   0.0000000000   0.000000e+00             NA             NA
6     OBS   contam 0.25 50                1  9.225217 0.03720196   0.003639028  0.0001122687     0.1819514   0.005613435         0.05468198        0.013830401   0.2321041731   1.440226e-02             NA             NA
7  ORACLE   contam 0.25 50                1  9.038750 0.03203473   0.003605371  0.0001056388     0.1802685   0.005281940         0.05531078        0.014038786   0.4184232381   2.574452e-02             NA             NA
8     BLM   contam 0.25 50                1  9.892726 0.07115070   0.003862191  0.0001225684     0.1931095   0.006128419         0.30082456        0.068362326   1.2705406015   9.437723e-02             NA             NA
9    CIRG   contam 0.25 50                1 12.276539 0.17037161   0.008812592  0.0002922481     0.4406296   0.014612403         0.22865234        0.041940504   7.6761890607   1.449889e-01             NA             NA
10    CPF   contam 0.25 50                1  9.886886 0.07065239   0.003859219  0.0001227733     0.1929610   0.006138667         0.23343763        0.061833410   1.0688102970   6.345569e-02             NA             NA
11     KM   contam 0.25 50                1 10.985294 0.14206814   0.004354036  0.0001403972     0.2177018   0.007019862         0.23866909        0.048835282   0.0001642483   1.420047e-06             NA             NA
12     LM   contam 0.25 50                1 10.985290 0.14206838   0.004354440  0.0001404048     0.2177220   0.007020239         0.23866874        0.048835295   0.0000000000   0.000000e+00             NA             NA
13    OBS   contam 0.25 50                1  9.886876 0.07066932   0.003858945  0.0001226995     0.1929472   0.006134974         0.22335760        0.058123033   1.0567885767   6.276930e-02             NA             NA
14 ORACLE   contam 0.25 50                1  9.038746 0.03209933   0.003604856  0.0001054775     0.1802428   0.005273875         0.22974929        0.060368830   1.8890101189   1.111738e-01             NA             NA
15    BLM   contam 0.25 50                1  9.253719 0.03331187   0.003764035  0.0001117099     0.1882018   0.005585497         0.04757473        0.009622960   0.4032538921   2.425520e-02             NA             NA
16   CIRG   contam 0.25 50                1 10.630088 0.06890608   0.007914823  0.0002644917     0.3957412   0.013224587         0.03466368        0.006205194   6.8304971966   1.017202e-01             NA             NA
17    CPF   contam 0.25 50                1  9.251451 0.03322561   0.003765782  0.0001122791     0.1882891   0.005613955         0.03181950        0.006829019   0.2972640924   1.590239e-02             NA             NA
18     KM   contam 0.25 50                1  9.498226 0.04060292   0.003884678  0.0001235732     0.1942339   0.006178662         0.03596888        0.006532885   0.0001525056   2.488848e-06             NA             NA
19     LM   contam 0.25 50                1  9.498242 0.04060504   0.003884314  0.0001235164     0.1942157   0.006175821         0.03596506        0.006532194   0.0000000000   0.000000e+00             NA             NA
20    OBS   contam 0.25 50                1  9.251157 0.03328742   0.003766416  0.0001126238     0.1883208   0.005631192         0.02873001        0.006118530   0.2660417175   1.442925e-02             NA             NA
21 ORACLE   contam 0.25 50                1  9.048837 0.03179461   0.003674278  0.0001107105     0.1837139   0.005535525         0.02970435        0.006632800   0.4785272685   2.514819e-02             NA             NA
22    BLM   contam 0.25 50                1  9.988956 0.05529180   0.004082758  0.0001259976     0.2041379   0.006299880         0.19825767        0.044409961   1.7228949220   9.896148e-02             NA             NA
23   CIRG   contam 0.25 50                1 12.481905 0.13475419   0.009109880  0.0002600080     0.4554940   0.013000402         0.15757979        0.032001810   8.1622124497   1.416914e-01             NA             NA
24    CPF   contam 0.25 50                1  9.975355 0.05464776   0.004077168  0.0001258615     0.2038584   0.006293075         0.13306290        0.028975448   1.3225363980   6.717383e-02             NA             NA
25     KM   contam 0.25 50                1 11.145614 0.10865270   0.004595651  0.0001651353     0.2297826   0.008256767         0.15505935        0.028339868   0.0001660829   1.507858e-06             NA             NA
26     LM   contam 0.25 50                1 11.145631 0.10865429   0.004595464  0.0001651916     0.2297732   0.008259578         0.15505336        0.028338746   0.0000000000   0.000000e+00             NA             NA
27    OBS   contam 0.25 50                1  9.974363 0.05466371   0.004072588  0.0001259595     0.2036294   0.006297977         0.11748697        0.025064304   1.1933322549   5.739594e-02             NA             NA
28 ORACLE   contam 0.25 50                1  9.050150 0.03185250   0.003675247  0.0001106295     0.1837623   0.005531473         0.11949363        0.026054893   2.1369116017   1.035794e-01             NA             NA
29    BLM   contam 0.25 50                1  9.291489 0.03269300   0.003632564  0.0001013607     0.1816282   0.005068033         0.02288963        0.004164159   0.5261905668   1.825341e-02             NA             NA
30   CIRG   contam 0.25 50                1 10.587253 0.05375181   0.007428817  0.0002181106     0.3714408   0.010905531         0.02130532        0.004055587   6.8556227761   1.018879e-01             NA             NA
31    CPF   contam 0.25 50                1  9.384939 0.03299505   0.003643377  0.0001035827     0.1821689   0.005179136         0.10557612        0.023079951   0.6017659746   4.289086e-02             NA             NA
32     KM   contam 0.25 50                1  9.508523 0.03465545   0.003671347  0.0001065807     0.1835674   0.005329035         0.01519946        0.002954266   0.0002811541   1.312058e-04             NA             NA
33     LM   contam 0.25 50                1  9.508499 0.03465660   0.003671780  0.0001067177     0.1835890   0.005335884         0.01519188        0.002954899   0.0000000000   0.000000e+00             NA             NA
34    OBS   contam 0.25 50                1  9.282487 0.03259914   0.003620342  0.0001015860     0.1810171   0.005079298         0.01296186        0.002921315   0.2705282528   1.022575e-02             NA             NA
35 ORACLE   contam 0.25 50                1  9.074702 0.03179954   0.003546581  0.0001032676     0.1773290   0.005163379         0.01095841        0.002457690   0.4810361046   1.583814e-02             NA             NA
36    BLM   contam 0.25 50                1 10.048592 0.04422287   0.003914540  0.0001026954     0.1957270   0.005134770         0.12717860        0.017317554   2.0733139604   6.749156e-02             NA             NA
37   CIRG   contam 0.25 50                1 12.425244 0.09633755   0.008642893  0.0002579468     0.4321446   0.012897341         0.07057326        0.012335849   7.9827960337   1.186668e-01             NA             NA
38    CPF   contam 0.25 50                1 10.483392 0.05682706   0.004031224  0.0001117045     0.2015612   0.005585226         0.32033268        0.082486350   2.5917704390   1.542344e-01             NA             NA
39     KM   contam 0.25 50                1 11.183438 0.07684197   0.004267847  0.0001223992     0.2133924   0.006119959         0.06735619        0.013437005   0.0003395800   1.742157e-04             NA             NA
40     LM   contam 0.25 50                1 11.183455 0.07684821   0.004269131  0.0001226069     0.2134566   0.006130343         0.06733968        0.013439098   0.0000000000   0.000000e+00             NA             NA
41    OBS   contam 0.25 50                1 10.033058 0.04389498   0.003901104  0.0001021948     0.1950552   0.005109739         0.04896510        0.011251118   1.2129775920   3.634782e-02             NA             NA
42 ORACLE   contam 0.25 50                1  9.080657 0.03186110   0.003554153  0.0001033835     0.1777076   0.005169176         0.04250078        0.009877098   2.1571072350   6.569445e-02             NA             NA
   Var_e_hat_mean Var_e_hat_MCSE Var_a_MSE_mean Var_a_MSE_MCSE Var_b_MSE_mean Var_b_MSE_MCSE Var_e_MSE_mean Var_e_MSE_MCSE G_MSE_mean G_MSE_MCSE selected_K_mean selected_K_MCSE runtime_mean runtime_MCSE iterations_mean
1        9.139401     0.01996762     0.06664760   7.259965e-03             NA             NA     0.03896915    0.006996652         NA         NA            6.00      0.00000000      0.08136 5.982680e-03            5.66
2        2.705801     0.07383346    39.89487544   1.253916e+00             NA             NA    39.88405840    0.911638384         NA         NA            3.62      0.19354902    168.37660 3.053880e+01            3.60
3        9.142457     0.01996957     0.07820054   6.824828e-03             NA             NA     0.03983453    0.007083492         NA         NA            9.38      0.11742127      0.31372 1.710121e-02            6.50
4        9.375010     0.03147177     0.24984947   8.624381e-07             NA             NA     0.18916542    0.027725196         NA         NA            2.00      0.00000000    223.46804 5.659685e+00           20.52
5        9.374896     0.03147069     0.25000000   0.000000e+00             NA             NA     0.18907675    0.027717232         NA         NA            1.00      0.00000000      0.01516 3.108561e-03            1.00
6        9.143152     0.01996141     0.08193200   7.014274e-03             NA             NA     0.04001686    0.007125356         NA         NA           10.00      0.00000000      0.06108 2.311610e-03            6.70
7        8.950483     0.01650648     0.03913101   5.873032e-03             NA             NA     0.01580267    0.002483812         NA         NA           10.00      0.00000000      0.05040 1.509426e-03            5.56
8        9.809351     0.05959500     1.39578671   1.414863e-01             NA             NA     0.82907616    0.112021912         NA         NA            6.00      0.00000000      0.05432 6.660514e-04            4.52
9        3.244804     0.09100734    30.47359535   1.702010e+00             NA             NA    33.52811340    1.040989162         NA         NA            3.64      0.25676162    208.33174 4.991658e+01            3.66
10       9.808831     0.05937644     1.59251372   1.389868e-01             NA             NA     0.82696008    0.111729422         NA         NA            9.32      0.09663734      0.28184 1.022024e-02            4.40
11      10.877852     0.12848329     5.06176091   6.389730e-06             NA             NA     4.33521913    0.560354431         NA         NA            2.00      0.00000000    199.80254 4.392413e+00           22.58
12      10.877735     0.12848282     5.06250000   0.000000e+00             NA             NA     4.33477190    0.560321618         NA         NA            1.00      0.00000000      0.00818 2.207409e-04            1.00
13       9.809644     0.05934970     1.61681274   1.384776e-01             NA             NA     0.82812011    0.111764407         NA         NA           10.00      0.00000000      0.03964 1.230815e-03            4.62
14       8.950531     0.01649943     0.73593516   1.074352e-01             NA             NA     0.01578648    0.002481883         NA         NA           10.00      0.00000000      0.03566 4.647668e-04            4.26
15       9.145777     0.01861026     0.03818723   8.355728e-03             NA             NA     0.03822166    0.006229903         NA         NA            7.00      0.00000000      0.06226 1.716144e-03            5.94
16       2.722346     0.07319642    40.58219809   1.302232e+00             NA             NA    39.67146884    0.897708061         NA         NA            3.68      0.20886476    132.08280 2.876741e+01            3.74
17       9.152226     0.01860781     0.05349327   5.599535e-03             NA             NA     0.04013918    0.006461453         NA         NA           14.04      0.19369659      0.35652 5.145733e-03            6.84
18       9.425114     0.02708358     0.24984752   2.487948e-06             NA             NA     0.21666455    0.023705366         NA         NA            2.00      0.00000000    188.47338 3.558815e+00           24.08
19       9.425017     0.02708080     0.25000000   0.000000e+00             NA             NA     0.21657427    0.023697393         NA         NA            1.00      0.00000000      0.01018 1.546739e-03            1.00
20       9.158475     0.01862731     0.06493844   5.628340e-03             NA             NA     0.04211634    0.006671244         NA         NA           20.00      0.00000000      0.05782 1.176536e-03            8.06
21       8.947436     0.01642969     0.03145023   8.003839e-03             NA             NA     0.01598977    0.002482971         NA         NA           20.00      0.00000000      0.04818 9.513428e-04            6.56
22       9.874097     0.04745649     0.75771514   1.322950e-01             NA             NA     0.87439974    0.092322854         NA         NA            7.00      0.00000000      0.07374 3.655224e-03            4.52
23       3.120477     0.08952940    35.93800163   1.711958e+00             NA             NA    34.96155382    1.015622721         NA         NA            3.70      0.22177392    207.25258 4.284001e+01            3.76
24       9.875941     0.04707407     1.08129255   1.013191e-01             NA             NA     0.87585482    0.091451535         NA         NA           14.84      0.21065496      0.58348 3.034734e-02            4.76
25      11.069568     0.10015869     5.06175265   6.784843e-06             NA             NA     4.77466779    0.456431435         NA         NA            2.00      0.00000000    245.22598 5.147876e+00           23.64
26      11.069456     0.10015713     5.06250000   0.000000e+00             NA             NA     4.77419047    0.456398641         NA         NA            1.00      0.00000000      0.01778 4.688439e-03            1.00
27       9.879771     0.04708763     1.27796713   1.003465e-01             NA             NA     0.88264187    0.091976462         NA         NA           20.00      0.00000000      0.05774 4.159750e-03            5.04
28       8.947465     0.01643146     0.53849486   1.452494e-01             NA             NA     0.01598963    0.002488554         NA         NA           20.00      0.00000000      0.05238 1.842777e-03            5.02
29       9.112500     0.01906275     0.01701211   3.648590e-03             NA             NA     0.03046230    0.005777710         NA         NA            9.98      0.02000000      0.09430 2.836245e-03            6.84
30       2.718450     0.07631929    40.90261712   1.314678e+00             NA             NA    39.74327312    0.935317572         NA         NA            3.54      0.18341433    181.02952 3.132397e+01            3.58
31       9.267152     0.02097948     0.10049796   3.298720e-02             NA             NA     0.09293681    0.012509739         NA         NA            5.54      0.31585323      1.01674 1.614523e-02            6.00
32       9.425209     0.02425600     0.24971977   1.303058e-04             NA             NA     0.20963206    0.023477639         NA         NA            2.00      0.00000000    241.40092 5.570729e+00           22.64
33       9.425180     0.02424833     0.25000000   0.000000e+00             NA             NA     0.20958923    0.023466133         NA         NA            1.00      0.00000000      0.01056 3.581813e-04            1.00
34       9.157917     0.01915250     0.05778101   4.454530e-03             NA             NA     0.04291184    0.007278750         NA         NA           50.00      0.00000000      0.11706 2.862340e-03           12.42
35       8.951762     0.01677584     0.01265111   2.680192e-03             NA             NA     0.01611692    0.002607933         NA         NA           50.00      0.00000000      0.09034 3.079174e-03            9.16
36       9.846588     0.03770657     0.25441840   4.233537e-02             NA             NA     0.78637799    0.070553926         NA         NA           10.00      0.00000000      0.07840 4.383829e-03            5.04
37       3.269520     0.09409728    33.55495861   1.405485e+00             NA             NA    33.27226733    1.057276872         NA         NA            3.36      0.18463422    159.96586 3.305454e+01            3.66
38      10.343728     0.04912247     1.28243140   4.622000e-01             NA             NA     1.92384326    0.144186140         NA         NA            6.92      0.29944166      1.27338 8.731645e-02            4.98
39      11.084522     0.07292586     5.06097349   7.823955e-04             NA             NA     4.60582173    0.321415719         NA         NA            2.00      0.00000000    210.58634 6.806984e+00           23.58
40      11.084503     0.07292890     5.06250000   0.000000e+00             NA             NA     4.60576404    0.321407838         NA         NA            1.00      0.00000000      0.01838 5.138164e-03            1.00
41       9.887584     0.03777581     1.14015250   7.278082e-02             NA             NA     0.85772861    0.073705037         NA         NA           50.00      0.00000000      0.06062 2.616102e-03            6.40
42       8.951599     0.01675479     0.22010135   4.782056e-02             NA             NA     0.01609812    0.002608662         NA         NA           50.00      0.00000000      0.05870 2.385372e-03            6.16
   iterations_MCSE group_ARI_mean group_ARI_MCSE case R_setting Var_a_setting
1       0.15012920   4.048547e-01   7.021135e-03    1        10          0.50
2       0.06998542   3.545771e-05   1.031877e-04    1        10          0.50
3       0.17437937   5.534618e-01   5.607626e-03    1        10          0.50
4       0.94122803   7.587281e-05   6.205999e-05    1        10          0.50
5       0.00000000             NA             NA    1        10          0.50
6       0.19639610   5.747475e-01   1.587019e-03    1        10          0.50
7       0.14331356   1.000000e+00   0.000000e+00    1        10          0.50
8       0.08684962   3.982322e-01   7.512047e-03    1        10          2.25
9       0.06767268   9.036220e-05   9.142672e-05    1        10          2.25
10      0.09897433   5.583122e-01   4.194862e-03    1        10          2.25
11      1.14823378   7.587281e-05   6.205999e-05    1        10          2.25
12      0.00000000             NA             NA    1        10          2.25
13      0.08518887   5.747475e-01   1.587019e-03    1        10          2.25
14      0.06266203   1.000000e+00   0.000000e+00    1        10          2.25
15      0.14116136   2.589990e-01   5.228077e-03    1        20          0.50
16      0.06266203  -2.107509e-05   7.840755e-05    1        20          0.50
17      0.14669140   4.548564e-01   8.532108e-03    1        20          0.50
18      2.08372508   2.695607e-05   4.649108e-05    1        20          0.50
19      0.00000000             NA             NA    1        20          0.50
20      0.18606560   5.694574e-01   9.452513e-04    1        20          0.50
21      0.15428571   1.000000e+00   0.000000e+00    1        20          0.50
22      0.09142857   2.732257e-01   4.072355e-03    1        20          2.25
23      0.06101188   8.138180e-06   6.635098e-05    1        20          2.25
24      0.08834071   4.793007e-01   6.571629e-03    1        20          2.25
25      1.22116037   2.695607e-05   4.649108e-05    1        20          2.25
26      0.00000000             NA             NA    1        20          2.25
27      0.06975175   5.694574e-01   9.452513e-04    1        20          2.25
28      0.04508495   1.000000e+00   0.000000e+00    1        20          2.25
29      0.23449468   1.789725e-01   2.963833e-03    1        50          0.50
30      0.07050836  -3.462927e-05   4.345925e-05    1        50          0.50
31      0.12121831   2.054617e-02   2.548732e-03    1        50          0.50
32      1.30078783  -2.794584e-05   2.516139e-05    1        50          0.50
33      0.00000000             NA             NA    1        50          0.50
34      0.29841760   5.650095e-01   9.904390e-04    1        50          0.50
35      0.18813803   1.000000e+00   0.000000e+00    1        50          0.50
36      0.11050903   1.779288e-01   2.979906e-03    1        50          2.25
37      0.06767268  -2.655758e-06   3.470861e-05    1        50          2.25
38      0.06054177   2.667711e-02   3.110702e-03    1        50          2.25
39      1.19389262  -2.794584e-05   2.516139e-05    1        50          2.25
40      0.00000000             NA             NA    1        50          2.25
41      0.09035079   5.650095e-01   9.904390e-04    1        50          2.25
42      0.05237229   1.000000e+00   0.000000e+00    1        50          2.25
