Host: erc-hpc-comp026
MODEL=RI CASE=9 MIS_TYPE=contam RHO=0.25
============================================================
Method comparison
MODEL=RI cases=9 misspec=contam rho=0.25
N=2500 p=50 R=10,20,50 Var.a=0.5,2.25
nloop=50 tau=255
Methods: ORACLE, OBS, LM, KM, GMM, CPF, BLM, CIRG
============================================================

Running case=9 R=10 Var.a=0.5
Saved: results_comparison/RI_case9_R10_vara0.5_contam_rho25.rds 

Running case=9 R=10 Var.a=2.25
Saved: results_comparison/RI_case9_R10_vara2.25_contam_rho25.rds 

Running case=9 R=20 Var.a=0.5
Saved: results_comparison/RI_case9_R20_vara0.5_contam_rho25.rds 

Running case=9 R=20 Var.a=2.25
Saved: results_comparison/RI_case9_R20_vara2.25_contam_rho25.rds 

Running case=9 R=50 Var.a=0.5
Saved: results_comparison/RI_case9_R50_vara0.5_contam_rho25.rds 

Running case=9 R=50 Var.a=2.25
Saved: results_comparison/RI_case9_R50_vara2.25_contam_rho25.rds 
There were 50 or more warnings (use warnings() to see the first 50)

Finished. Elapsed minutes: 2613.682 
Saved combined: results_comparison/RI_cases9_grid_contam_rho25.rds 

   method mis_type  rho  n convergence_rate MSPE_mean  MSPE_MCSE beta_MSE_mean beta_MSE_MCSE beta_SSE_mean beta_SSE_MCSE intercept_MSE_mean intercept_MSE_MCSE Var_a_hat_mean Var_a_hat_MCSE Var_b_hat_mean Var_b_hat_MCSE
1     BLM   contam 0.25 50                1  9.292363 0.03829876   0.001239695  2.984673e-05    0.06198475   0.001492336         0.06836375        0.015614189   0.2952015974   2.157389e-02             NA             NA
2    CIRG   contam 0.25 50                1  9.885899 0.07001130   0.006688528  6.385529e-04    0.33442638   0.031927644         0.06014117        0.011845974   0.6908138299   7.298527e-02             NA             NA
3     CPF   contam 0.25 50                1  9.290647 0.03828457   0.001240741  2.996359e-05    0.06203703   0.001498180         0.05852519        0.015127917   0.2403032765   1.511777e-02             NA             NA
4      KM   contam 0.25 50                1  9.528965 0.04916579   0.001284403  3.067708e-05    0.06422014   0.001533854         0.05544983        0.011155139   0.0001690605   4.221543e-06             NA             NA
5      LM   contam 0.25 50                1  9.528946 0.04916418   0.001284624  3.064960e-05    0.06423118   0.001532480         0.05545916        0.011158224   0.0000000000   0.000000e+00             NA             NA
6     OBS   contam 0.25 50                1  9.290590 0.03827210   0.001240721  2.998540e-05    0.06203607   0.001499270         0.05463007        0.013706163   0.2320966505   1.430770e-02             NA             NA
7  ORACLE   contam 0.25 50                1  9.101477 0.03313385   0.001213245  3.003736e-05    0.06066225   0.001501868         0.05497367        0.013870460   0.4181165354   2.579697e-02             NA             NA
8     BLM   contam 0.25 50                1  9.962944 0.07143805   0.001331288  3.077253e-05    0.06656442   0.001538626         0.29781018        0.068540695   1.2678673773   9.463532e-02             NA             NA
9    CIRG   contam 0.25 50                1 11.559906 0.15798593   0.010712049  1.251104e-03    0.53560243   0.062555214         0.23785917        0.049989187   1.0512143427   1.163988e-01             NA             NA
10    CPF   contam 0.25 50                1  9.957401 0.07100942   0.001333050  3.079130e-05    0.06665248   0.001539565         0.22363132        0.058016840   1.0745974819   6.378883e-02             NA             NA
11     KM   contam 0.25 50                1 11.060075 0.14246223   0.001505041  3.491986e-05    0.07525207   0.001745993         0.23910099        0.048815431   0.0003325028   1.512538e-04             NA             NA
12     LM   contam 0.25 50                1 11.059733 0.14238112   0.001506506  3.474500e-05    0.07532531   0.001737250         0.23911122        0.048819818   0.0000000000   0.000000e+00             NA             NA
13    OBS   contam 0.25 50                1  9.957650 0.07102900   0.001333197  3.079859e-05    0.06665985   0.001539930         0.22325913        0.057873795   1.0567677729   6.273028e-02             NA             NA
14 ORACLE   contam 0.25 50                1  9.101427 0.03318856   0.001212895  2.997500e-05    0.06064475   0.001498750         0.22895741        0.059980855   1.8886127590   1.113184e-01             NA             NA
15    BLM   contam 0.25 50                1  9.306416 0.03520973   0.001209100  3.497013e-05    0.06045498   0.001748507         0.04744646        0.009477271   0.4083354054   2.395975e-02             NA             NA
16   CIRG   contam 0.25 50                1 10.036815 0.06564803   0.008376135  8.822706e-04    0.41880673   0.044113529         0.03523439        0.006439342   0.8978606777   7.750648e-02             NA             NA
17    CPF   contam 0.25 50                1  9.304232 0.03520385   0.001208759  3.493582e-05    0.06043793   0.001746791         0.03195265        0.006139168   0.2993457759   1.567395e-02             NA             NA
18     KM   contam 0.25 50                1  9.551883 0.04359602   0.001243021  3.407935e-05    0.06215104   0.001703968         0.03613863        0.006579448   0.0004068756   1.790306e-04             NA             NA
19     LM   contam 0.25 50                1  9.551885 0.04360024   0.001240220  3.449857e-05    0.06201099   0.001724929         0.03613179        0.006580067   0.0000000000   0.000000e+00             NA             NA
20    OBS   contam 0.25 50                1  9.303768 0.03526171   0.001208969  3.491816e-05    0.06044846   0.001745908         0.02872383        0.006090758   0.2671483027   1.449809e-02             NA             NA
21 ORACLE   contam 0.25 50                1  9.097112 0.03362691   0.001184515  3.365660e-05    0.05922577   0.001682830         0.02952981        0.006585643   0.4791578939   2.515077e-02             NA             NA
22    BLM   contam 0.25 50                1 10.046071 0.05771428   0.001301838  3.925148e-05    0.06509188   0.001962574         0.18579950        0.043874198   1.7302101200   9.119923e-02             NA             NA
23   CIRG   contam 0.25 50                1 11.799871 0.13362609   0.010163745  1.103465e-03    0.50818726   0.055173267         0.15578258        0.028632900   1.1153819696   1.018094e-01             NA             NA
24    CPF   contam 0.25 50                1 10.035769 0.05709605   0.001302027  3.936001e-05    0.06510133   0.001968000         0.13655434        0.026672075   1.3156655491   6.697587e-02             NA             NA
25     KM   contam 0.25 50                1 11.215252 0.11189426   0.001464045  4.406171e-05    0.07320225   0.002203086         0.15545671        0.028434840   0.0001813318   5.053897e-06             NA             NA
26     LM   contam 0.25 50                1 11.215198 0.11189493   0.001463751  4.404226e-05    0.07318755   0.002202113         0.15546173        0.028435730   0.0000000000   0.000000e+00             NA             NA
27    OBS   contam 0.25 50                1 10.034757 0.05707248   0.001301344  3.929621e-05    0.06506718   0.001964810         0.11742169        0.024997649   1.1956917939   5.756798e-02             NA             NA
28 ORACLE   contam 0.25 50                1  9.098439 0.03370229   0.001184969  3.364077e-05    0.05924845   0.001682038         0.11913441        0.025946117   2.1384781260   1.036756e-01             NA             NA
29    BLM   contam 0.25 50                1  9.348047 0.03472507   0.001196906  2.927728e-05    0.05984529   0.001463864         0.02205142        0.004751912   0.5239970036   1.904771e-02             NA             NA
30   CIRG   contam 0.25 50                1 10.014001 0.06128322   0.008657155  7.540241e-04    0.43285773   0.037701206         0.01809067        0.003203165   0.8697393089   7.202468e-02             NA             NA
31    CPF   contam 0.25 50                1  9.446054 0.03527131   0.001211993  3.028269e-05    0.06059967   0.001514135         0.11267490        0.025446614   0.5983352832   4.284748e-02             NA             NA
32     KM   contam 0.25 50                1  9.568220 0.03631755   0.001225301  3.013666e-05    0.06126507   0.001506833         0.01555288        0.003022291   0.0010586755   6.824042e-04             NA             NA
33     LM   contam 0.25 50                1  9.567763 0.03629068   0.001220379  2.951799e-05    0.06101895   0.001475899         0.01555891        0.003021422   0.0000000000   0.000000e+00             NA             NA
34    OBS   contam 0.25 50                1  9.339615 0.03470873   0.001194645  2.923111e-05    0.05973226   0.001461556         0.01328579        0.002988956   0.2698395352   1.024633e-02             NA             NA
35 ORACLE   contam 0.25 50                1  9.130222 0.03452144   0.001174142  2.798871e-05    0.05870709   0.001399436         0.01116413        0.002499529   0.4804056939   1.589833e-02             NA             NA
36    BLM   contam 0.25 50                1 10.109182 0.04437761   0.001284860  3.265513e-05    0.06424300   0.001632757         0.12117953        0.017456637   2.0125021659   7.099311e-02             NA             NA
37   CIRG   contam 0.25 50                1 11.677894 0.10277553   0.007234924  6.968885e-04    0.36174621   0.034844425         0.07355766        0.015644413   0.7908769252   8.553969e-02             NA             NA
38    CPF   contam 0.25 50                1 10.551185 0.05647109   0.001349681  3.527680e-05    0.06748404   0.001763840         0.29706825        0.080739239   2.6021380248   1.569422e-01             NA             NA
39     KM   contam 0.25 50                1 11.257703 0.07675753   0.001429704  3.664603e-05    0.07148521   0.001832301         0.06807379        0.013562913   0.0009910688   6.930415e-04             NA             NA
40     LM   contam 0.25 50                1 11.257647 0.07677202   0.001428330  3.686526e-05    0.07141648   0.001843263         0.06811222        0.013564766   0.0000000000   0.000000e+00             NA             NA
41    OBS   contam 0.25 50                1 10.094087 0.04442145   0.001282305  3.275674e-05    0.06411523   0.001637837         0.04962904        0.011383916   1.2111468008   3.666004e-02             NA             NA
42 ORACLE   contam 0.25 50                1  9.136306 0.03465742   0.001175985  2.790641e-05    0.05879925   0.001395321         0.04294523        0.009998574   2.1559598940   6.605313e-02             NA             NA
   Var_e_hat_mean Var_e_hat_MCSE Var_a_MSE_mean Var_a_MSE_MCSE Var_b_MSE_mean Var_b_MSE_MCSE Var_e_MSE_mean Var_e_MSE_MCSE G_MSE_mean G_MSE_MCSE selected_K_mean selected_K_MCSE runtime_mean runtime_MCSE iterations_mean
1        9.138409     0.02001352     0.06474859   7.203094e-03             NA             NA     0.03878364    0.007018920         NA         NA            6.00      0.00000000      0.07360 1.718566e-03            5.66
2        8.974480     0.05459377     0.29742558   6.483559e-02             NA             NA     0.14669482    0.024545923         NA         NA            4.84      0.56087395    176.88490 3.114444e+01            8.84
3        9.141290     0.01995937     0.07864118   7.076293e-03             NA             NA     0.03948324    0.007089121         NA         NA            9.42      0.08614179      0.29564 8.584455e-03            6.52
4        9.373679     0.03154728     0.24983097   4.219794e-06             NA             NA     0.18840207    0.027633968         NA         NA            2.00      0.00000000    409.64126 1.605997e+01           21.38
5        9.373585     0.03154920     0.25000000   0.000000e+00             NA             NA     0.18833835    0.027632155         NA         NA            1.00      0.00000000      0.01212 1.788088e-03            1.00
6        9.141963     0.01997712     0.08180301   6.992496e-03             NA             NA     0.03970865    0.007128431         NA         NA           10.00      0.00000000      0.06444 1.959833e-03            6.70
7        8.950105     0.01639280     0.03931360   5.888163e-03             NA             NA     0.01565699    0.002529261         NA         NA           10.00      0.00000000      0.05266 1.194070e-03            5.58
8        9.807446     0.05956006     1.40342080   1.424558e-01             NA             NA     0.82579183    0.111021812         NA         NA            6.00      0.00000000      0.05266 7.157756e-04            4.54
9       10.313352     0.14698549     2.10097279   2.295168e-01             NA             NA     2.78352412    0.454138400         NA         NA            4.30      0.41820803    143.09598 2.568569e+01            6.76
10       9.806821     0.05932123     1.58095281   1.382670e-01             NA             NA     0.82339075    0.110683878         NA         NA            9.42      0.09934479      0.26880 9.486360e-03            4.54
11      10.875172     0.12843213     5.06100497   6.794445e-04             NA             NA     4.32451646    0.557272551         NA         NA            2.00      0.00000000    335.29726 1.317599e+01           21.84
12      10.875152     0.12846020     5.06250000   0.000000e+00             NA             NA     4.32479533    0.557516655         NA         NA            1.00      0.00000000      0.00808 2.600471e-04            1.00
13       9.807524     0.05931579     1.61662244   1.384754e-01             NA             NA     0.82449508    0.110764099         NA         NA           10.00      0.00000000      0.03692 7.389126e-04            4.58
14       8.950151     0.01638687     0.73779843   1.076639e-01             NA             NA     0.01564282    0.002527233         NA         NA           10.00      0.00000000      0.03416 5.286564e-04            4.24
15       9.148105     0.01811084     0.03653182   6.604061e-03             NA             NA     0.03800719    0.006179506         NA         NA            7.00      0.00000000      0.05920 9.527618e-04            5.86
16       8.920932     0.05442182     0.45264856   1.005598e-01             NA             NA     0.15137679    0.024291058         NA         NA            5.60      0.61544741    149.89130 2.150406e+01            7.12
17       9.154757     0.01814471     0.05230008   5.293049e-03             NA             NA     0.04008197    0.006415692         NA         NA           14.06      0.20285714      0.34800 5.222948e-03            6.88
18       9.427953     0.02663837     0.24959486   1.776955e-04             NA             NA     0.21791393    0.023680146         NA         NA            2.00      0.00000000    312.57490 1.210412e+01           19.56
19       9.427979     0.02663735     0.25000000   0.000000e+00             NA             NA     0.21793390    0.023685481         NA         NA            1.00      0.00000000      0.00738 1.892844e-04            1.00
20       9.160916     0.01810715     0.06451944   5.662435e-03             NA             NA     0.04195950    0.006607948         NA         NA           20.00      0.00000000      0.05626 1.116412e-03            7.98
21       8.949649     0.01617369     0.03142990   7.894552e-03             NA             NA     0.01535309    0.002404689         NA         NA           20.00      0.00000000      0.04720 1.004480e-03            6.52
22       9.877121     0.04710687     0.67772916   9.745684e-02             NA             NA     0.87807499    0.092266828         NA         NA            7.00      0.00000000      0.06488 3.206962e-03            4.62
23      10.426457     0.10733507     1.79525043   2.095800e-01             NA             NA     2.59929889    0.356798093         NA         NA            5.64      0.59230439    190.27782 2.898593e+01            6.48
24       9.879013     0.04677377     1.09278344   1.026456e-01             NA             NA     0.87986585    0.091619204         NA         NA           14.78      0.19647921      0.52080 3.609326e-02            4.80
25      11.073248     0.10009082     5.06168404   2.274005e-05             NA             NA     4.78924895    0.458247920         NA         NA            2.00      0.00000000    336.09058 1.490897e+01           22.00
26      11.073132     0.10008932     5.06250000   0.000000e+00             NA             NA     4.78875199    0.458215264         NA         NA            1.00      0.00000000      0.01092 9.007208e-04            1.00
27       9.882696     0.04676774     1.27395533   1.009186e-01             NA             NA     0.88632553    0.092041988         NA         NA           20.00      0.00000000      0.04382 1.657067e-03            5.12
28       8.949682     0.01617646     0.53911958   1.446182e-01             NA             NA     0.01535409    0.002411617         NA         NA           20.00      0.00000000      0.04220 1.409009e-03            4.98
29       9.113203     0.01882073     0.01835380   3.920182e-03             NA             NA     0.03017169    0.005774286         NA         NA            9.98      0.02000000      0.11558 6.580062e-03            6.72
30       8.938137     0.05173440     0.39089733   6.730473e-02             NA             NA     0.13497302    0.023777110         NA         NA            4.82      0.51165199    165.17486 1.929682e+01            7.42
31       9.265199     0.02065824     0.09962924   3.420385e-02             NA             NA     0.09124169    0.012352626         NA         NA            5.66      0.31893957      1.44774 6.874631e-02            6.08
32       9.424968     0.02410116     0.24896526   6.605213e-04             NA             NA     0.20906061    0.023285267         NA         NA            2.00      0.00000000    367.06962 1.563725e+01           21.94
33       9.425264     0.02405721     0.25000000   0.000000e+00             NA             NA     0.20920861    0.023283142         NA         NA            1.00      0.00000000      0.03772 1.076203e-02            1.00
34       9.158611     0.01892702     0.05811822   4.479266e-03             NA             NA     0.04271086    0.007293895         NA         NA           50.00      0.00000000      0.11976 4.658244e-03           12.42
35       8.952224     0.01663500     0.01276902   2.686514e-03             NA             NA     0.01584198    0.002594494         NA         NA           50.00      0.00000000      0.08974 3.648630e-03            9.14
36       9.847195     0.03762174     0.30336625   4.863552e-02             NA             NA     0.78709347    0.070135484         NA         NA            9.98      0.02000000      0.08846 5.656653e-03            5.00
37      10.602036     0.09154592     2.48757505   2.245691e-01             NA             NA     2.97717226    0.324273875         NA         NA            5.06      0.60299254    170.14982 2.867349e+01            7.68
38      10.339281     0.04938153     1.33091258   4.744813e-01             NA             NA     1.91316219    0.144568916         NA         NA            6.96      0.31031255      1.42410 4.407522e-02            4.96
39      11.083859     0.07285867     5.05806471   3.095210e-03             NA             NA     4.60258003    0.319749103         NA         NA            2.00      0.00000000    374.10474 1.480560e+01           22.58
40      11.084104     0.07282575     5.06250000   0.000000e+00             NA             NA     4.60336369    0.319685858         NA         NA            1.00      0.00000000      0.01330 1.203481e-03            1.00
41       9.888568     0.03761858     1.14506995   7.343976e-02             NA             NA     0.85889531    0.073189403         NA         NA           50.00      0.00000000      0.06614 3.452773e-03            6.40
42       8.952074     0.01661438     0.22263130   4.819127e-02             NA             NA     0.01582278    0.002594874         NA         NA           50.00      0.00000000      0.05924 1.932443e-03            6.16
   iterations_MCSE group_ARI_mean group_ARI_MCSE case R_setting Var_a_setting
1       0.14173848   3.991374e-01   7.445842e-03    9        10          0.50
2       1.96403583  -1.145082e-04   1.044277e-04    9        10          0.50
3       0.17668143   5.538238e-01   4.864354e-03    9        10          0.50
4       1.19074321  -4.232337e-05   3.767505e-05    9        10          0.50
5       0.00000000             NA             NA    9        10          0.50
6       0.19639610   5.747475e-01   1.587019e-03    9        10          0.50
7       0.14593820   1.000000e+00   0.000000e+00    9        10          0.50
8       0.09129454   4.000422e-01   7.447596e-03    9        10          2.25
9       0.52415919   9.357759e-06   1.220946e-04    9        10          2.25
10      0.09566097   5.631221e-01   3.202323e-03    9        10          2.25
11      1.00868069  -4.232337e-05   3.767505e-05    9        10          2.25
12      0.00000000             NA             NA    9        10          2.25
13      0.09514758   5.747475e-01   1.587019e-03    9        10          2.25
14      0.06101188   1.000000e+00   0.000000e+00    9        10          2.25
15      0.14288571   2.628932e-01   5.072771e-03    9        20          0.50
16      0.90153610  -1.089576e-04   7.844668e-05    9        20          0.50
17      0.15555037   4.481485e-01   7.134588e-03    9        20          0.50
18      0.72346107   2.173351e-05   4.024533e-05    9        20          0.50
19      0.00000000             NA             NA    9        20          0.50
20      0.17954591   5.694574e-01   9.452513e-04    9        20          0.50
21      0.14635713   1.000000e+00   0.000000e+00    9        20          0.50
22      0.08025470   2.745214e-01   4.150808e-03    9        20          2.25
23      0.46531973  -9.136369e-05   9.491045e-05    9        20          2.25
24      0.07559289   4.801100e-01   5.558216e-03    9        20          2.25
25      1.34528656   2.173351e-05   4.024533e-05    9        20          2.25
26      0.00000000             NA             NA    9        20          2.25
27      0.06785338   5.694574e-01   9.452513e-04    9        20          2.25
28      0.05337583   1.000000e+00   0.000000e+00    9        20          2.25
29      0.21578523   1.771671e-01   2.895695e-03    9        50          0.50
30      1.17563357  -5.824123e-06   4.650397e-05    9        50          0.50
31      0.12401448   2.068264e-02   2.425793e-03    9        50          0.50
32      1.65008596  -5.309466e-05   2.999177e-05    9        50          0.50
33      0.00000000             NA             NA    9        50          0.50
34      0.30651431   5.650095e-01   9.904390e-04    9        50          0.50
35      0.18737717   1.000000e+00   0.000000e+00    9        50          0.50
36      0.11065667   1.798773e-01   3.146559e-03    9        50          2.25
37      0.65555087   5.439246e-05   4.776444e-05    9        50          2.25
38      0.05685642   2.737948e-02   3.209852e-03    9        50          2.25
39      1.53545579  -5.309466e-05   2.999177e-05    9        50          2.25
40      0.00000000             NA             NA    9        50          2.25
41      0.09035079   5.650095e-01   9.904390e-04    9        50          2.25
42      0.05237229   1.000000e+00   0.000000e+00    9        50          2.25
