Host: erc-hpc-comp024
MODEL=RS CASE=8 MIS_TYPE=contam RHO=0.25
============================================================
Method comparison
MODEL=RS cases=8 misspec=contam rho=0.25
N=2500 p=50 R=10,20,50 Var.a=0.5,2.25
nloop=50 tau=255
Methods: ORACLE, OBS, LM, KM, GMM, CPF, BLM, CIRG
============================================================

Running case=8 R=10 Var.a=0.5
Saved: results_comparison/RS_case8_R10_vara0.5_varb0.1_contam_rho25.rds 

Running case=8 R=10 Var.a=2.25
Saved: results_comparison/RS_case8_R10_vara2.25_varb0.1_contam_rho25.rds 

Running case=8 R=20 Var.a=0.5
Saved: results_comparison/RS_case8_R20_vara0.5_varb0.1_contam_rho25.rds 

Running case=8 R=20 Var.a=2.25
Saved: results_comparison/RS_case8_R20_vara2.25_varb0.1_contam_rho25.rds 

Running case=8 R=50 Var.a=0.5
Saved: results_comparison/RS_case8_R50_vara0.5_varb0.1_contam_rho25.rds 

Running case=8 R=50 Var.a=2.25
Saved: results_comparison/RS_case8_R50_vara2.25_varb0.1_contam_rho25.rds 
There were 50 or more warnings (use warnings() to see the first 50)

Finished. Elapsed minutes: 2618.601 
Saved combined: results_comparison/RS_cases8_grid_contam_rho25.rds 

   method mis_type  rho  n convergence_rate MSPE_mean  MSPE_MCSE beta_MSE_mean beta_MSE_MCSE beta_SSE_mean beta_SSE_MCSE intercept_MSE_mean intercept_MSE_MCSE Var_a_hat_mean Var_a_hat_MCSE Var_b_hat_mean Var_b_hat_MCSE
1     BLM   contam 0.25 50             1.00  23.76871 0.79565523   0.016893300  0.0005135457     0.8446650   0.025677283         0.05771004        0.010981759   6.722535e-05   2.723932e-07   7.333849e-05   3.001505e-07
2    CIRG   contam 0.25 50             1.00  23.85977 0.79482824   0.016992677  0.0005110484     0.8496338   0.025552419         0.05758080        0.010996819   2.817135e-02   7.576605e-03   1.978633e-04   1.667449e-05
3     CPF   contam 0.25 50             1.00  16.72426 0.35858654   0.014654211  0.0004138073     0.7327106   0.020690364         0.05724319        0.013142507   2.480252e-01   1.664823e-02   4.587706e-02   6.721053e-04
4      KM   contam 0.25 50             1.00  23.77347 0.79609836   0.016892750  0.0005135585     0.8446375   0.025677924         0.05775857        0.010976945   1.674170e-04   1.437919e-05   1.945014e-04   6.042551e-06
5      LM   contam 0.25 50             1.00  23.76871 0.79565523   0.016893300  0.0005135457     0.8446650   0.025677283         0.05771004        0.010981759   0.000000e+00   0.000000e+00             NA             NA
6     OBS   contam 0.25 50             1.00  16.42196 0.35029079   0.014336395  0.0004042729     0.7168198   0.020213643         0.05404047        0.012637602   2.374816e-01   1.497541e-02   4.816477e-02   5.803541e-04
7  ORACLE   contam 0.25 50             1.00  10.00205 0.05612163   0.013015320  0.0003484823     0.6507660   0.017424113         0.05279740        0.012946385   4.245025e-01   2.606641e-02   8.624564e-02   9.295067e-04
8     BLM   contam 0.25 50             1.00  24.94798 0.89340077   0.017256033  0.0005296303     0.8628016   0.026481515         0.24324755        0.048371783   7.284432e-05   6.480438e-07   7.934403e-05   7.063292e-07
9    CIRG   contam 0.25 50             1.00  25.02842 0.89634735   0.017381689  0.0005414189     0.8690844   0.027070946         0.24750100        0.049076714   4.283473e-02   1.186646e-02   3.180210e-04   5.740294e-05
10    CPF   contam 0.25 50             1.00  17.36208 0.41358432   0.014730580  0.0004279406     0.7365290   0.021397029         0.24013358        0.060412304   1.103466e+00   6.710578e-02   4.520855e-02   8.028809e-04
11     KM   contam 0.25 50             1.00  24.95567 0.89367128   0.017254352  0.0005296795     0.8627176   0.026483974         0.24327522        0.048374202   3.686005e-04   1.982430e-04   2.115736e-04   5.905362e-06
12     LM   contam 0.25 50             1.00  24.94798 0.89340077   0.017256033  0.0005296303     0.8628016   0.026481515         0.24324755        0.048371783   0.000000e+00   0.000000e+00             NA             NA
13    OBS   contam 0.25 50             1.00  16.97003 0.39700040   0.014494762  0.0004177759     0.7247381   0.020888793         0.22036464        0.055253035   1.067444e+00   6.397704e-02   4.816250e-02   5.857651e-04
14 ORACLE   contam 0.25 50             1.00  10.00137 0.05582768   0.013014088  0.0003492304     0.6507044   0.017461521         0.22274716        0.057505979   1.899645e+00   1.113728e-01   8.624362e-02   9.308993e-04
15    BLM   contam 0.25 50             1.00  23.63241 0.62077412   0.009636886  0.0003010043     0.4818443   0.015050215         0.03896675        0.006885949   6.804872e-05   1.928301e-07   7.421664e-05   2.148449e-07
16   CIRG   contam 0.25 50             1.00  23.69148 0.62089982   0.009718505  0.0003023952     0.4859252   0.015119759         0.03867315        0.006868950   3.190574e-02   7.738799e-03   2.293260e-04   2.676748e-05
17    CPF   contam 0.25 50             1.00  18.47010 0.38161771   0.008824105  0.0002751815     0.4412052   0.013759074         0.03718490        0.006904716   2.798494e-01   1.330595e-02   3.974032e-02   7.977961e-04
18     KM   contam 0.25 50             1.00  23.64040 0.62116343   0.009649177  0.0003030221     0.4824589   0.015151107         0.03903613        0.006912594   9.857511e-04   5.022688e-04   1.830254e-04   8.283035e-06
19     LM   contam 0.25 50             1.00  23.63241 0.62077412   0.009636886  0.0003010043     0.4818443   0.015050215         0.03896675        0.006885949   0.000000e+00   0.000000e+00             NA             NA
20    OBS   contam 0.25 50             1.00  17.15388 0.27612011   0.008325957  0.0002462310     0.4162979   0.012311549         0.03234270        0.006519358   2.507404e-01   1.316962e-02   5.010670e-02   6.068180e-04
21 ORACLE   contam 0.25 50             1.00  10.81732 0.06553678   0.007577194  0.0002240824     0.3788597   0.011204120         0.02988255        0.006039949   4.696163e-01   2.191217e-02   9.144829e-02   8.111228e-04
22    BLM   contam 0.25 50             1.00  25.12121 0.72538204   0.009949877  0.0003201050     0.4974939   0.016005248         0.16075437        0.028935532   7.436699e-05   5.099459e-07   8.099607e-05   5.584273e-07
23   CIRG   contam 0.25 50             1.00  25.19203 0.72597312   0.009989848  0.0003322070     0.4994924   0.016610350         0.16126446        0.029181002   4.259974e-02   1.152083e-02   2.781846e-04   4.336558e-05
24    CPF   contam 0.25 50             1.00  19.09511 0.33289202   0.008981330  0.0002615722     0.4490665   0.013078612         0.16670926        0.035942904   1.253604e+00   5.763422e-02   4.104046e-02   7.044010e-04
25     KM   contam 0.25 50             1.00  25.13084 0.72585321   0.009962774  0.0003215733     0.4981387   0.016078663         0.16088756        0.028990708   1.272731e-03   5.652456e-04   1.991851e-04   7.964431e-06
26     LM   contam 0.25 50             1.00  25.12121 0.72538204   0.009949877  0.0003201050     0.4974939   0.016005248         0.16075437        0.028935532   0.000000e+00   0.000000e+00             NA             NA
27    OBS   contam 0.25 50             1.00  17.85319 0.31977208   0.008558982  0.0002587600     0.4279491   0.012938000         0.12340668        0.025310478   1.169352e+00   5.464281e-02   4.993174e-02   6.088315e-04
28 ORACLE   contam 0.25 50             1.00  10.81896 0.06541189   0.007581873  0.0002242947     0.3790937   0.011214737         0.11851937        0.024225551   2.128572e+00   9.743563e-02   9.144690e-02   8.112762e-04
29    BLM   contam 0.25 50             1.00  25.15277 0.39890839   0.005908567  0.0001922505     0.2954283   0.009612525         0.01659511        0.003549267   6.889005e-05   1.637152e-07   7.508026e-05   1.847906e-07
30   CIRG   contam 0.25 50             1.00  25.17957 0.40137037   0.006023897  0.0002141913     0.3011948   0.010709565         0.01661845        0.003514259   3.164355e-02   8.822415e-03   2.755787e-04   4.063515e-05
31    CPF   contam 0.25 50             0.96  24.49259 0.40201648   0.007510582  0.0003728329     0.3755291   0.018641646         0.09049002        0.018227214   6.126165e-01   4.799139e-02   7.168460e-03   1.239189e-03
32     KM   contam 0.25 50             1.00  25.15243 0.39823681   0.005910172  0.0001921962     0.2955086   0.009609810         0.01659596        0.003557542   1.977555e-04   2.289259e-05   1.938531e-04   8.675014e-06
33     LM   contam 0.25 50             1.00  25.15277 0.39890839   0.005908567  0.0001922505     0.2954283   0.009612525         0.01659511        0.003549267   0.000000e+00   0.000000e+00             NA             NA
34    OBS   contam 0.25 50             1.00  19.46770 0.21913933   0.005382416  0.0001795722     0.2691208   0.008978609         0.01243953        0.002760447   2.661109e-01   9.610572e-03   5.436785e-02   5.951301e-04
35 ORACLE   contam 0.25 50             1.00  12.81550 0.08697617   0.004784952  0.0001639736     0.2392476   0.008198678         0.01051056        0.002354624   4.718321e-01   1.623209e-02   9.556249e-02   7.821660e-04
36    BLM   contam 0.25 50             1.00  26.76473 0.43535166   0.006237683  0.0001965919     0.3118841   0.009829593         0.07001411        0.014656533   7.571476e-05   4.259188e-07   8.243698e-05   4.610618e-07
37   CIRG   contam 0.25 50             1.00  26.93838 0.46862879   0.006416580  0.0002047612     0.3208290   0.010238059         0.06968798        0.014688059   4.537363e-02   1.180226e-02   2.640044e-04   4.276333e-05
38    CPF   contam 0.25 50             0.96  25.33916 0.42572673   0.007928193  0.0003487123     0.3964096   0.017435615         0.29148354        0.063079824   2.645920e+00   1.578003e-01   1.045727e-02   1.312711e-03
39     KM   contam 0.25 50             1.00  26.76415 0.43497231   0.006239253  0.0001965240     0.3119627   0.009826202         0.07005807        0.014663459   2.011757e-04   2.113501e-05   2.066881e-04   8.346143e-06
40     LM   contam 0.25 50             1.00  26.76473 0.43535166   0.006237683  0.0001965919     0.3118841   0.009829593         0.07001411        0.014656533   0.000000e+00   0.000000e+00             NA             NA
41    OBS   contam 0.25 50             1.00  20.31350 0.24131582   0.005579337  0.0001940258     0.2789669   0.009701292         0.04664326        0.010701456   1.212958e+00   3.565777e-02   5.428295e-02   6.048995e-04
42 ORACLE   contam 0.25 50             1.00  12.82956 0.08761250   0.004793956  0.0001645992     0.2396978   0.008229962         0.04159831        0.009681207   2.141673e+00   6.517312e-02   9.555040e-02   7.822828e-04
   Var_e_hat_mean Var_e_hat_MCSE Var_a_MSE_mean Var_a_MSE_MCSE Var_b_MSE_mean Var_b_MSE_MCSE Var_e_MSE_mean Var_e_MSE_MCSE   G_MSE_mean   G_MSE_MCSE selected_K_mean selected_K_MCSE runtime_mean runtime_MCSE
1       13.671569     0.07115602     0.24993278   2.723566e-07   9.985338e-03   5.998619e-08    22.07165159    0.685446307 2.880429e-04 1.257470e-09            1.00      0.00000000      0.33668 7.524894e-03
2       13.650969     0.07187710     0.22543511   6.281996e-03   9.960480e-03   3.323899e-06    21.88466046    0.689721173 2.781465e-04 2.443453e-06            2.86      0.36366614    250.24476 3.286583e+01
3       11.193868     0.05175992     0.07707230   7.406567e-03   2.951428e-03   7.303193e-05     4.94433319    0.248740047 8.636820e-05 3.010307e-06            9.26      0.09818766      0.44446 1.233082e-02
4       13.668602     0.07116242     0.24983262   1.436708e-05   9.961139e-03   1.206327e-06    22.04398969    0.685054370 2.875392e-04 2.298595e-08            2.00      0.00000000    295.75962 1.001151e+01
5       13.667929     0.07114239     0.25000000   0.000000e+00             NA             NA    22.03756259    0.684800272           NA           NA            1.00      0.00000000      0.00902 3.630820e-04
6       11.056388     0.04060887     0.07990477   7.315083e-03   2.703395e-03   6.041181e-05     4.30953680    0.177749547 8.268916e-05 2.995373e-06           10.00      0.00000000      0.20642 4.266824e-03
7        9.014544     0.01886686     0.03899331   5.106965e-03   2.315175e-04   2.577532e-05     0.01765349    0.003008314 1.944221e-05 2.076591e-06           10.00      0.00000000      0.14236 3.270369e-03
8       15.188540     0.14924892     5.06217221   2.916101e-06   9.984138e-03   1.411515e-07    39.38951150    1.920787092 2.138170e-03 3.833977e-09            1.00      0.00000000      0.32140 4.235226e-03
9       15.148106     0.14797879     4.87847836   5.027862e-02   9.936658e-03   1.137665e-05    38.87219915    1.893782694 2.066633e-03 1.952276e-05            3.94      0.69834206    266.30230 4.029183e+01
10      11.899749     0.08064962     1.53519732   1.423363e-01   3.033689e-03   8.819293e-05     8.72725970    0.477734045 6.485512e-04 5.462454e-05            9.22      0.11531678      0.46810 1.424231e-02
11      15.185275     0.14925818     5.06084336   8.900644e-04   9.957732e-03   1.178652e-06    39.34925260    1.919965594 2.137151e-03 3.438270e-07            2.00      0.00000000    279.71310 9.795713e+00
12      15.184599     0.14921454     5.06250000   0.000000e+00             NA             NA    39.34025299    1.919142622           NA           NA            1.00      0.00000000      0.01058 1.732779e-03
13      11.723154     0.07240878     1.59899920   1.409034e-01   2.703939e-03   6.096989e-05     7.67247605    0.411762377 6.667421e-04 5.410865e-05           10.00      0.00000000      0.20186 3.431310e-03
14       9.014572     0.01886379     0.73053962   9.706924e-02   2.317000e-04   2.581857e-05     0.01764863    0.003011333 2.853228e-04 3.732377e-05           10.00      0.00000000      0.13580 2.245176e-03
15      13.950127     0.05477005     0.24993196   1.928037e-07   9.985162e-03   4.293693e-08    24.65074137    0.546721797 2.880392e-04 8.987832e-10            1.00      0.00000000      0.28772 2.230775e-03
16      13.924520     0.05600441     0.22204680   6.461256e-03   9.954222e-03   5.321853e-06    24.40458668    0.555636808 2.767235e-04 2.552334e-06            3.28      0.54138145    196.64222 2.785351e+01
17      11.800010     0.04986036     0.05714164   6.257727e-03   3.662416e-03   9.991508e-05     7.96186997    0.294387199 9.237310e-05 2.837634e-06           14.44      0.22706647      0.56142 5.328866e-03
18      13.946439     0.05481491     0.24902758   4.932080e-04   9.963432e-03   1.653866e-06    24.61449253    0.546827796 2.872738e-04 1.852967e-07            2.00      0.00000000    243.60066 7.471353e+00
19      13.946443     0.05476234     0.25000000   0.000000e+00             NA             NA    24.61424572    0.546241962           NA           NA            1.00      0.00000000      0.00856 9.898093e-04
20      11.237561     0.03538104     0.07062887   6.425977e-03   2.507384e-03   6.165959e-05     5.06801729    0.164176993 7.535490e-05 2.556315e-06           20.00      0.00000000      0.31524 2.961323e-03
21       9.025301     0.01955447     0.02445019   4.965382e-03   1.053698e-04   1.592762e-05     0.01937664    0.003807952 1.142587e-05 1.935947e-06           20.00      0.00000000      0.19378 1.842645e-03
22      15.580057     0.10904539     5.06216535   2.294680e-06   9.983807e-03   1.115940e-07    43.87979829    1.470540776 2.138161e-03 3.026594e-09            1.00      0.00000000      0.32284 5.302087e-03
23      15.545666     0.10944369     4.87911968   4.878847e-02   9.944533e-03   8.604014e-06    43.43266474    1.472081292 2.067030e-03 1.888804e-05            3.52      0.66592884    327.83818 7.477116e+01
24      12.467268     0.06186482     1.15556914   1.118019e-01   3.500540e-03   8.506600e-05    12.20948594    0.434835485 5.115710e-04 4.265590e-05           15.04      0.24571429      0.74134 1.313657e-02
25      15.576086     0.10914691     5.05678998   2.533432e-03   9.960206e-03   1.589897e-06    43.82865041    1.471149236 2.135640e-03 9.644018e-07            2.00      0.00000000    262.51928 8.544925e+00
26      15.576034     0.10901800     5.06250000   0.000000e+00             NA             NA    43.82658720    1.469283941           NA           NA            1.00      0.00000000      0.01026 9.900773e-04
27      11.971462     0.05815008     1.31410651   1.059534e-01   2.524994e-03   6.209124e-05     8.99527753    0.357415239 5.537702e-04 4.049099e-05           20.00      0.00000000      0.35812 5.956553e-03
28       9.025279     0.01954914     0.47993624   1.136532e-01   1.054059e-04   1.593988e-05     0.01936532    0.003806545 1.865462e-04 4.372106e-05           20.00      0.00000000      0.21306 3.465917e-03
29      14.224947     0.05007862     0.24993111   1.636925e-07   9.984990e-03   3.693026e-08    27.42296056    0.533927810 2.880356e-04 7.718678e-10            1.00      0.00000000      0.35184 6.410537e-03
30      14.195926     0.05125954     0.22317168   7.164333e-03   9.945041e-03   8.068255e-06    27.12639134    0.544723991 2.769795e-04 2.880128e-06            3.60      0.64523370    232.96428 4.003929e+01
31      13.904874     0.03875689     0.12553799   2.520024e-02   8.692939e-03   2.210048e-04    24.13138827    0.381696747 2.153729e-04 1.124674e-05            4.72      0.28577142      2.15138 1.509086e-01
32      14.221049     0.05012122     0.24980231   2.286764e-05   9.961271e-03   1.731415e-06    27.38244723    0.533943339 2.875301e-04 2.982621e-08            2.00      0.00000000    256.21390 7.511372e+00
33      14.221219     0.05007275     0.25000000   0.000000e+00             NA             NA    27.38398472    0.533487195           NA           NA            1.00      0.00000000      0.01256 2.500312e-03
34      11.251495     0.03830899     0.05922991   4.398341e-03   2.099648e-03   5.325877e-05     5.14114049    0.173674604 6.313430e-05 2.038451e-06           50.00      0.00000000      0.96508 1.157403e-02
35       8.988669     0.02414600     0.01370398   2.197485e-03   4.966886e-05   7.975376e-06     0.02869683    0.005006722 6.223539e-06 8.918783e-07           50.00      0.00000000      0.52480 6.271217e-03
36      15.872517     0.08932270     5.06215929   1.916570e-06   9.983519e-03   9.213575e-08    47.62243425    1.249152367 2.138153e-03 2.506977e-09            1.00      0.00000000      0.36510 5.920097e-03
37      15.836413     0.08887146     4.86720280   4.984770e-02   9.947358e-03   8.480457e-06    47.12355027    1.238451876 2.062503e-03 1.929135e-05            3.58      0.60006122    246.87394 5.073926e+01
38      14.865070     0.06656076     1.37689792   4.699447e-01   8.102338e-03   2.316899e-04    34.61612756    0.769725334 6.851268e-04 1.818892e-04            6.58      0.30114069      2.60842 1.839199e-01
39      15.868398     0.08941918     5.06159477   9.508544e-05   9.958709e-03   1.665791e-06    47.56668422    1.249748944 2.137459e-03 3.338118e-08            2.00      0.00000000    269.11574 8.541471e+00
40      15.868421     0.08929963     5.06250000   0.000000e+00             NA             NA    47.56595680    1.248093572           NA           NA            1.00      0.00000000      0.00950 3.478799e-04
41      11.975242     0.05192409     1.13775783   7.083160e-02   2.107978e-03   5.421477e-05     8.98417408    0.315072327 4.779534e-04 2.732327e-05           50.00      0.00000000      1.07370 1.372143e-02
42       8.988710     0.02420653     0.21986392   3.964323e-02   4.978526e-05   7.953924e-06     0.02883932    0.005043856 8.548758e-05 1.528743e-05           50.00      0.00000000      0.56818 5.831700e-03
   iterations_mean iterations_MCSE group_ARI_mean group_ARI_MCSE case R_setting Var_a_setting
1            27.16      0.05237229   0.000000e+00   0.000000e+00    8        10          0.50
2            76.06     11.08609756  -9.233245e-05   1.896450e-04    8        10          0.50
3            14.32      0.16273178   5.500355e-01   5.293797e-03    8        10          0.50
4            40.72      3.00612165   1.154403e-05   6.740316e-05    8        10          0.50
5             1.00      0.00000000             NA             NA    8        10          0.50
6            14.46      0.16215387   5.747475e-01   1.587019e-03    8        10          0.50
7             9.58      0.13121100   1.000000e+00   0.000000e+00    8        10          0.50
8            27.84      0.05237229   0.000000e+00   0.000000e+00    8        10          2.25
9            92.60     12.89720742  -3.165802e-04   2.146120e-04    8        10          2.25
10           15.22      0.25918239   5.389767e-01   7.768005e-03    8        10          2.25
11           39.20      1.36874738   1.154403e-05   6.740316e-05    8        10          2.25
12            1.00      0.00000000             NA             NA    8        10          2.25
13           15.08      0.18481099   5.747475e-01   1.587019e-03    8        10          2.25
14            9.84      0.12892016   1.000000e+00   0.000000e+00    8        10          2.25
15           27.38      0.06934092   0.000000e+00   0.000000e+00    8        20          0.50
16           82.88     12.91771889   8.559401e-05   1.028340e-04    8        20          0.50
17           21.46      0.31325806   4.686050e-01   5.735687e-03    8        20          0.50
18           48.70      4.06942306   6.251055e-06   6.899436e-05    8        20          0.50
19            1.00      0.00000000             NA             NA    8        20          0.50
20           22.40      0.21946131   5.694574e-01   9.452513e-04    8        20          0.50
21           13.34      0.13882892   1.000000e+00   0.000000e+00    8        20          0.50
22           27.98      0.02000000   0.000000e+00   0.000000e+00    8        20          2.25
23           85.18     14.58586652  -9.196240e-06   7.132410e-05    8        20          2.25
24           22.62      0.28555710   4.782379e-01   7.149733e-03    8        20          2.25
25           46.88      3.52178526   6.251055e-06   6.899436e-05    8        20          2.25
26            1.00      0.00000000             NA             NA    8        20          2.25
27           23.68      0.26716959   5.694574e-01   9.452513e-04    8        20          2.25
28           13.58      0.13121100   1.000000e+00   0.000000e+00    8        20          2.25
29           27.58      0.07050836   0.000000e+00   0.000000e+00    8        50          0.50
30           73.36     10.13455435  -1.595056e-08   3.532919e-05    8        50          0.50
31          120.70     14.99856456   1.416524e-02   1.807635e-03    8        50          0.50
32           47.24      5.07989715   3.661765e-05   3.107710e-05    8        50          0.50
33            1.00      0.00000000             NA             NA    8        50          0.50
34           45.10      0.49093829   5.650095e-01   9.904390e-04    8        50          0.50
35           23.82      0.21512218   1.000000e+00   0.000000e+00    8        50          0.50
36           28.00      0.00000000   0.000000e+00   0.000000e+00    8        50          2.25
37           93.34     11.72468563   6.125548e-05   5.156181e-05    8        50          2.25
38          131.64     17.33461230   2.447264e-02   2.469764e-03    8        50          2.25
39           48.38      4.99361960   3.661765e-05   3.107710e-05    8        50          2.25
40            1.00      0.00000000             NA             NA    8        50          2.25
41           47.80      0.51981158   5.650095e-01   9.904390e-04    8        50          2.25
42           24.70      0.20253496   1.000000e+00   0.000000e+00    8        50          2.25
