Host: erc-hpc-comp019
MODEL=RI CASE=2 MIS_TYPE=contam RHO=0.25
============================================================
Method comparison
MODEL=RI cases=2 misspec=contam rho=0.25
N=2500 p=50 R=10,20,50 Var.a=0.5,2.25
nloop=50 tau=255
Methods: ORACLE, OBS, LM, KM, GMM, CPF, BLM, CIRG
============================================================

Running case=2 R=10 Var.a=0.5
Saved: results_comparison/RI_case2_R10_vara0.5_contam_rho25.rds 

Running case=2 R=10 Var.a=2.25
Saved: results_comparison/RI_case2_R10_vara2.25_contam_rho25.rds 

Running case=2 R=20 Var.a=0.5
Saved: results_comparison/RI_case2_R20_vara0.5_contam_rho25.rds 

Running case=2 R=20 Var.a=2.25
Saved: results_comparison/RI_case2_R20_vara2.25_contam_rho25.rds 

Running case=2 R=50 Var.a=0.5
Saved: results_comparison/RI_case2_R50_vara0.5_contam_rho25.rds 

Running case=2 R=50 Var.a=2.25
Saved: results_comparison/RI_case2_R50_vara2.25_contam_rho25.rds 
There were 50 or more warnings (use warnings() to see the first 50)

Finished. Elapsed minutes: 2402.366 
Saved combined: results_comparison/RI_cases2_grid_contam_rho25.rds 

   method mis_type  rho  n convergence_rate MSPE_mean  MSPE_MCSE beta_MSE_mean beta_MSE_MCSE beta_SSE_mean beta_SSE_MCSE intercept_MSE_mean intercept_MSE_MCSE Var_a_hat_mean Var_a_hat_MCSE Var_b_hat_mean Var_b_hat_MCSE
1     BLM   contam 0.25 50                1  9.231338 0.03778890   0.002051278  6.405257e-05    0.10256388   0.003202628         0.06836375        0.015614189   0.2952015974   2.157389e-02             NA             NA
2    CIRG   contam 0.25 50                1  9.474733 0.04859520   0.002204559  6.112382e-05    0.11022797   0.003056191         0.05524596        0.011203533   0.0354177999   6.066792e-03             NA             NA
3     CPF   contam 0.25 50                1  9.229493 0.03774583   0.002052520  6.413145e-05    0.10262602   0.003206572         0.05852519        0.015127917   0.2403032765   1.511777e-02             NA             NA
4      KM   contam 0.25 50                1  9.466636 0.04865324   0.002119451  6.384054e-05    0.10597256   0.003192027         0.05546352        0.011155912   0.0004569059   2.018539e-04             NA             NA
5      LM   contam 0.25 50                1  9.466727 0.04865337   0.002116605  6.376638e-05    0.10583023   0.003188319         0.05545916        0.011158224   0.0000000000   0.000000e+00             NA             NA
6     OBS   contam 0.25 50                1  9.229433 0.03773595   0.002052566  6.416250e-05    0.10262829   0.003208125         0.05463007        0.013706163   0.2320966505   1.430770e-02             NA             NA
7  ORACLE   contam 0.25 50                1  9.042526 0.03259649   0.002006310  6.455995e-05    0.10031551   0.003227998         0.05497367        0.013870460   0.4181165354   2.579697e-02             NA             NA
8     BLM   contam 0.25 50                1  9.896111 0.07125793   0.002198743  6.426119e-05    0.10993713   0.003213059         0.29781018        0.068540695   1.2678673773   9.463532e-02             NA             NA
9    CIRG   contam 0.25 50                1 10.999423 0.14268755   0.002538856  6.754276e-05    0.12694282   0.003377138         0.23927778        0.048804304   0.0359484828   6.604704e-03             NA             NA
10    CPF   contam 0.25 50                1  9.890773 0.07079179   0.002201926  6.444097e-05    0.11009629   0.003222049         0.22363132        0.058016840   1.0745974819   6.378883e-02             NA             NA
11     KM   contam 0.25 50                1 10.988813 0.14221419   0.002474438  6.849365e-05    0.12372192   0.003424683         0.23911707        0.048814625   0.0005765402   2.795445e-04             NA             NA
12     LM   contam 0.25 50                1 10.988949 0.14220191   0.002470816  6.846336e-05    0.12354082   0.003423168         0.23911122        0.048819818   0.0000000000   0.000000e+00             NA             NA
13    OBS   contam 0.25 50                1  9.891020 0.07081371   0.002202138  6.443191e-05    0.11010691   0.003221595         0.22325913        0.057873795   1.0567677729   6.273028e-02             NA             NA
14 ORACLE   contam 0.25 50                1  9.042524 0.03265980   0.002005706  6.448567e-05    0.10028530   0.003224283         0.22895741        0.059980855   1.8886127590   1.113184e-01             NA             NA
15    BLM   contam 0.25 50                1  9.258911 0.03308619   0.001995796  6.524651e-05    0.09978979   0.003262325         0.04744646        0.009477271   0.4083354054   2.395975e-02             NA             NA
16   CIRG   contam 0.25 50                1  9.514600 0.04029336   0.002137253  6.625943e-05    0.10686265   0.003312971         0.03627433        0.006650659   0.0328331861   5.707837e-03             NA             NA
17    CPF   contam 0.25 50                1  9.256712 0.03307141   0.001995199  6.521805e-05    0.09975993   0.003260903         0.03195265        0.006139168   0.2993457759   1.567395e-02             NA             NA
18     KM   contam 0.25 50                1  9.504656 0.04069098   0.002042489  6.617612e-05    0.10212444   0.003308806         0.03613085        0.006579918   0.0001708511   8.808556e-06             NA             NA
19     LM   contam 0.25 50                1  9.504623 0.04068952   0.002042458  6.616957e-05    0.10212288   0.003308478         0.03613179        0.006580067   0.0000000000   0.000000e+00             NA             NA
20    OBS   contam 0.25 50                1  9.256220 0.03313043   0.001994939  6.522849e-05    0.09974696   0.003261424         0.02872383        0.006090758   0.2671483027   1.449809e-02             NA             NA
21 ORACLE   contam 0.25 50                1  9.055969 0.03160508   0.001957921  6.335389e-05    0.09789606   0.003167694         0.02952981        0.006585643   0.4791578939   2.515077e-02             NA             NA
22    BLM   contam 0.25 50                1  9.988142 0.05543092   0.002141266  7.118093e-05    0.10706330   0.003559046         0.18579950        0.043874198   1.7302101200   9.119923e-02             NA             NA
23   CIRG   contam 0.25 50                1 11.161092 0.10785214   0.002486378  8.106600e-05    0.12431891   0.004053300         0.15516596        0.028413383   0.0329330895   5.281347e-03             NA             NA
24    CPF   contam 0.25 50                1  9.977710 0.05472339   0.002143301  7.119075e-05    0.10716505   0.003559538         0.13655434        0.026672075   1.3156655491   6.697587e-02             NA             NA
25     KM   contam 0.25 50                1 11.151527 0.10792889   0.002400307  8.207652e-05    0.12001537   0.004103826         0.15545863        0.028435101   0.0001824109   5.550632e-06             NA             NA
26     LM   contam 0.25 50                1 11.151492 0.10793037   0.002400304  8.207054e-05    0.12001521   0.004103527         0.15546173        0.028435730   0.0000000000   0.000000e+00             NA             NA
27    OBS   contam 0.25 50                1  9.976844 0.05467700   0.002143005  7.121585e-05    0.10715024   0.003560793         0.11742169        0.024997649   1.1956917939   5.756798e-02             NA             NA
28 ORACLE   contam 0.25 50                1  9.057310 0.03167688   0.001958897  6.334156e-05    0.09794485   0.003167078         0.11913441        0.025946117   2.1384781260   1.036756e-01             NA             NA
29    BLM   contam 0.25 50                1  9.281969 0.03291066   0.001994623  6.239096e-05    0.09973116   0.003119548         0.02205142        0.004751912   0.5239970036   1.904771e-02             NA             NA
30   CIRG   contam 0.25 50                1  9.510522 0.03499790   0.002103380  6.536399e-05    0.10516899   0.003268199         0.01543258        0.002981890   0.0282909769   5.504853e-03             NA             NA
31    CPF   contam 0.25 50                1  9.380640 0.03315340   0.002026908  6.539232e-05    0.10134541   0.003269616         0.11267490        0.025446614   0.5983352832   4.284748e-02             NA             NA
32     KM   contam 0.25 50                1  9.503748 0.03468237   0.002043299  6.404893e-05    0.10216494   0.003202447         0.01556691        0.003021224   0.0003682773   1.429552e-04             NA             NA
33     LM   contam 0.25 50                1  9.503953 0.03467222   0.002042726  6.416743e-05    0.10213629   0.003208372         0.01555891        0.003021422   0.0000000000   0.000000e+00             NA             NA
34    OBS   contam 0.25 50                1  9.274343 0.03286458   0.001993234  6.262205e-05    0.09966169   0.003131103         0.01328579        0.002988956   0.2698395352   1.024633e-02             NA             NA
35 ORACLE   contam 0.25 50                1  9.066951 0.03196168   0.001979436  6.321790e-05    0.09897179   0.003160895         0.01116413        0.002499529   0.4804056939   1.589833e-02             NA             NA
36    BLM   contam 0.25 50                1 10.040430 0.04440262   0.002120469  6.356344e-05    0.10602343   0.003178172         0.12117953        0.017456637   2.0125021659   7.099311e-02             NA             NA
37   CIRG   contam 0.25 50                1 11.189358 0.07720655   0.002470706  7.198211e-05    0.12353530   0.003599106         0.06860829        0.013691997   0.0282002937   5.609361e-03             NA             NA
38    CPF   contam 0.25 50                1 10.479757 0.05679582   0.002241023  6.727892e-05    0.11205117   0.003363946         0.29706825        0.080739239   2.6021380248   1.569422e-01             NA             NA
39     KM   contam 0.25 50                1 11.184387 0.07704967   0.002382505  7.002705e-05    0.11912525   0.003501353         0.06811347        0.013565031   0.0004376737   2.508654e-04             NA             NA
40     LM   contam 0.25 50                1 11.184401 0.07705467   0.002382322  7.002749e-05    0.11911611   0.003501375         0.06811222        0.013564766   0.0000000000   0.000000e+00             NA             NA
41    OBS   contam 0.25 50                1 10.025102 0.04437946   0.002117962  6.381058e-05    0.10589808   0.003190529         0.04962904        0.011383916   1.2111468008   3.666004e-02             NA             NA
42 ORACLE   contam 0.25 50                1  9.072953 0.03207238   0.001983156  6.300177e-05    0.09915779   0.003150089         0.04294523        0.009998574   2.1559598940   6.605313e-02             NA             NA
   Var_e_hat_mean Var_e_hat_MCSE Var_a_MSE_mean Var_a_MSE_MCSE Var_b_MSE_mean Var_b_MSE_MCSE Var_e_MSE_mean Var_e_MSE_MCSE G_MSE_mean G_MSE_MCSE selected_K_mean selected_K_MCSE runtime_mean runtime_MCSE iterations_mean
1        9.138409     0.02001352     0.06474859   7.203094e-03             NA             NA     0.03878364    0.007018920         NA         NA            6.00      0.00000000      0.07994 1.902181e-03            5.66
2        9.349940     0.03232933     0.21764011   5.260904e-03             NA             NA     0.17367200    0.026609232         NA         NA            5.36      0.75146659    245.35752 4.548568e+01           16.58
3        9.141290     0.01995937     0.07864118   7.076293e-03             NA             NA     0.03948324    0.007089121         NA         NA            9.42      0.08614179      0.30916 8.922083e-03            6.52
4        9.373535     0.03155140     0.24954530   2.003301e-04             NA             NA     0.18830727    0.027634753         NA         NA            2.00      0.00000000    340.35974 1.092337e+01           19.54
5        9.373585     0.03154920     0.25000000   0.000000e+00             NA             NA     0.18833835    0.027632155         NA         NA            1.00      0.00000000      0.00982 3.986610e-04            1.00
6        9.141963     0.01997712     0.08180301   6.992496e-03             NA             NA     0.03970865    0.007128431         NA         NA           10.00      0.00000000      0.06412 1.742773e-03            6.70
7        8.950105     0.01639280     0.03931360   5.888163e-03             NA             NA     0.01565699    0.002529261         NA         NA           10.00      0.00000000      0.05392 1.335799e-03            5.58
8        9.807446     0.05956006     1.40342080   1.424558e-01             NA             NA     0.82579183    0.111021812         NA         NA            6.00      0.00000000      0.06316 1.858979e-03            4.54
9       10.849726     0.12865931     4.90416160   2.874828e-02             NA             NA     4.23259393    0.553041681         NA         NA            5.18      0.72150070    181.87338 3.451545e+01           19.60
10       9.806821     0.05932123     1.58095281   1.382670e-01             NA             NA     0.82339075    0.110683878         NA         NA            9.42      0.09934479      0.30832 1.249481e-02            4.54
11      10.875064     0.12847663     5.05990973   1.254996e-03             NA             NA     4.32467047    0.557594085         NA         NA            2.00      0.00000000    301.78780 1.040694e+01           20.58
12      10.875152     0.12846020     5.06250000   0.000000e+00             NA             NA     4.32479533    0.557516655         NA         NA            1.00      0.00000000      0.00954 2.494238e-04            1.00
13       9.807524     0.05931579     1.61662244   1.384754e-01             NA             NA     0.82449508    0.110764099         NA         NA           10.00      0.00000000      0.04208 1.020140e-03            4.58
14       8.950151     0.01638687     0.73779843   1.076639e-01             NA             NA     0.01564282    0.002527233         NA         NA           10.00      0.00000000      0.03894 8.400243e-04            4.24
15       9.148105     0.01811084     0.03653182   6.604061e-03             NA             NA     0.03800719    0.006179506         NA         NA            7.00      0.00000000      0.07640 4.330716e-03            5.86
16       9.406514     0.02730351     0.21984122   4.964578e-03             NA             NA     0.20178200    0.023196124         NA         NA            4.54      0.52388657    148.29810 2.991937e+01           18.22
17       9.154757     0.01814471     0.05230008   5.293049e-03             NA             NA     0.04008197    0.006415692         NA         NA           14.06      0.20285714      0.43800 1.151517e-02            6.88
18       9.428086     0.02663882     0.24982918   8.802269e-06             NA             NA     0.21802916    0.023692772         NA         NA            2.00      0.00000000    275.22692 8.827871e+00           20.00
19       9.427979     0.02663735     0.25000000   0.000000e+00             NA             NA     0.21793390    0.023685481         NA         NA            1.00      0.00000000      0.01234 2.229049e-03            1.00
20       9.160916     0.01810715     0.06451944   5.662435e-03             NA             NA     0.04195950    0.006607948         NA         NA           20.00      0.00000000      0.06492 1.571127e-03            7.98
21       8.949649     0.01617369     0.03142990   7.894552e-03             NA             NA     0.01535309    0.002404689         NA         NA           20.00      0.00000000      0.05332 1.286171e-03            6.52
22       9.877121     0.04710687     0.67772916   9.745684e-02             NA             NA     0.87807499    0.092266828         NA         NA            7.00      0.00000000      0.07116 3.899698e-03            4.62
23      11.051585     0.10048689     4.91675242   2.318987e-02             NA             NA     4.70378422    0.458562259         NA         NA            4.82      0.55673245    159.05168 2.328958e+01           18.74
24       9.879013     0.04677377     1.09278344   1.026456e-01             NA             NA     0.87986585    0.091619204         NA         NA           14.78      0.19647921      0.49896 1.117106e-02            4.80
25      11.073251     0.10009134     5.06167919   2.497497e-05             NA             NA     4.78926671    0.458251147         NA         NA            2.00      0.00000000    291.35466 9.472393e+00           20.88
26      11.073132     0.10008932     5.06250000   0.000000e+00             NA             NA     4.78875199    0.458215264         NA         NA            1.00      0.00000000      0.01010 3.825265e-04            1.00
27       9.882696     0.04676774     1.27395533   1.009186e-01             NA             NA     0.88632553    0.092041988         NA         NA           20.00      0.00000000      0.04674 6.576458e-04            5.12
28       8.949682     0.01617646     0.53911958   1.446182e-01             NA             NA     0.01535409    0.002411617         NA         NA           20.00      0.00000000      0.04512 6.191765e-04            4.98
29       9.113203     0.01882073     0.01835380   3.920182e-03             NA             NA     0.03017169    0.005774286         NA         NA            9.98      0.02000000      0.08638 1.755432e-03            6.72
30       9.406206     0.02422452     0.22399427   4.835976e-03             NA             NA     0.19375769    0.021996196         NA         NA            5.08      0.70441175    157.74086 1.796537e+01           19.20
31       9.265199     0.02065824     0.09962924   3.420385e-02             NA             NA     0.09124169    0.012352626         NA         NA            5.66      0.31893957      0.97762 1.305323e-02            6.08
32       9.425243     0.02406350     0.24963286   1.420571e-04             NA             NA     0.20920548    0.023293930         NA         NA            2.00      0.00000000    312.18000 9.488245e+00           21.36
33       9.425264     0.02405721     0.25000000   0.000000e+00             NA             NA     0.20920861    0.023283142         NA         NA            1.00      0.00000000      0.00986 2.695575e-04            1.00
34       9.158611     0.01892702     0.05811822   4.479266e-03             NA             NA     0.04271086    0.007293895         NA         NA           50.00      0.00000000      0.10850 2.488545e-03           12.42
35       8.952224     0.01663500     0.01276902   2.686514e-03             NA             NA     0.01584198    0.002594494         NA         NA           50.00      0.00000000      0.08200 1.653444e-03            9.14
36       9.847195     0.03762174     0.30336625   4.863552e-02             NA             NA     0.78709347    0.070135484         NA         NA            9.98      0.02000000      0.07540 1.913006e-03            5.00
37      11.067192     0.07190473     4.93793572   2.458615e-02             NA             NA     4.52662545    0.311523629         NA         NA            3.86      0.44813446    146.54246 1.733962e+01           19.66
38      10.339281     0.04938153     1.33091258   4.744813e-01             NA             NA     1.91316219    0.144568916         NA         NA            6.96      0.31031255      1.18838 1.362102e-02            4.96
39      11.084090     0.07284333     5.06053374   1.125657e-03             NA             NA     4.60343194    0.319759284         NA         NA            2.00      0.00000000    317.46968 9.498963e+00           21.62
40      11.084104     0.07282575     5.06250000   0.000000e+00             NA             NA     4.60336369    0.319685858         NA         NA            1.00      0.00000000      0.00984 2.608620e-04            1.00
41       9.888568     0.03761858     1.14506995   7.343976e-02             NA             NA     0.85889531    0.073189403         NA         NA           50.00      0.00000000      0.06192 7.781926e-04            6.40
42       8.952074     0.01661438     0.22263130   4.819127e-02             NA             NA     0.01582278    0.002594874         NA         NA           50.00      0.00000000      0.05944 4.816299e-04            6.16
   iterations_MCSE group_ARI_mean group_ARI_MCSE case R_setting Var_a_setting
1       0.14173848   3.991374e-01   7.445842e-03    2        10          0.50
2       1.58644513   1.257195e-04   8.888418e-05    2        10          0.50
3       0.17668143   5.538238e-01   4.864354e-03    2        10          0.50
4       0.87140984  -3.444493e-05   5.775318e-05    2        10          0.50
5       0.00000000             NA             NA    2        10          0.50
6       0.19639610   5.747475e-01   1.587019e-03    2        10          0.50
7       0.14593820   1.000000e+00   0.000000e+00    2        10          0.50
8       0.09129454   4.000422e-01   7.447596e-03    2        10          2.25
9       3.43808205  -5.424549e-05   5.947998e-05    2        10          2.25
10      0.09566097   5.631221e-01   3.202323e-03    2        10          2.25
11      0.49986937  -3.444493e-05   5.775318e-05    2        10          2.25
12      0.00000000             NA             NA    2        10          2.25
13      0.09514758   5.747475e-01   1.587019e-03    2        10          2.25
14      0.06101188   1.000000e+00   0.000000e+00    2        10          2.25
15      0.14288571   2.628932e-01   5.072771e-03    2        20          0.50
16      2.33068090  -2.075918e-05   6.980261e-05    2        20          0.50
17      0.15555037   4.481485e-01   7.134588e-03    2        20          0.50
18      1.44561264   4.677076e-05   4.551212e-05    2        20          0.50
19      0.00000000             NA             NA    2        20          0.50
20      0.17954591   5.694574e-01   9.452513e-04    2        20          0.50
21      0.14635713   1.000000e+00   0.000000e+00    2        20          0.50
22      0.08025470   2.745214e-01   4.150808e-03    2        20          2.25
23      1.85732087  -9.153217e-05   6.934032e-05    2        20          2.25
24      0.07559289   4.801100e-01   5.558216e-03    2        20          2.25
25      0.82246022   4.677076e-05   4.551212e-05    2        20          2.25
26      0.00000000             NA             NA    2        20          2.25
27      0.06785338   5.694574e-01   9.452513e-04    2        20          2.25
28      0.05337583   1.000000e+00   0.000000e+00    2        20          2.25
29      0.21578523   1.771671e-01   2.895695e-03    2        50          0.50
30      2.08395229  -4.802333e-05   4.246858e-05    2        50          0.50
31      0.12401448   2.068264e-02   2.425793e-03    2        50          0.50
32      1.52870760  -1.787645e-05   2.895409e-05    2        50          0.50
33      0.00000000             NA             NA    2        50          0.50
34      0.30651431   5.650095e-01   9.904390e-04    2        50          0.50
35      0.18737717   1.000000e+00   0.000000e+00    2        50          0.50
36      0.11065667   1.798773e-01   3.146559e-03    2        50          2.25
37      1.98393754  -6.737939e-05   2.847304e-05    2        50          2.25
38      0.05685642   2.737948e-02   3.209852e-03    2        50          2.25
39      0.93104725  -1.787645e-05   2.895409e-05    2        50          2.25
40      0.00000000             NA             NA    2        50          2.25
41      0.09035079   5.650095e-01   9.904390e-04    2        50          2.25
42      0.05237229   1.000000e+00   0.000000e+00    2        50          2.25
