Host: erc-hpc-comp025
MODEL=RI CASE=8 MIS_TYPE=contam RHO=0.25
============================================================
Method comparison
MODEL=RI cases=8 misspec=contam rho=0.25
N=2500 p=50 R=10,20,50 Var.a=0.5,2.25
nloop=50 tau=255
Methods: ORACLE, OBS, LM, KM, GMM, CPF, BLM, CIRG
============================================================

Running case=8 R=10 Var.a=0.5
Saved: results_comparison/RI_case8_R10_vara0.5_contam_rho25.rds 

Running case=8 R=10 Var.a=2.25
Saved: results_comparison/RI_case8_R10_vara2.25_contam_rho25.rds 

Running case=8 R=20 Var.a=0.5
Saved: results_comparison/RI_case8_R20_vara0.5_contam_rho25.rds 

Running case=8 R=20 Var.a=2.25
Saved: results_comparison/RI_case8_R20_vara2.25_contam_rho25.rds 

Running case=8 R=50 Var.a=0.5
Saved: results_comparison/RI_case8_R50_vara0.5_contam_rho25.rds 

Running case=8 R=50 Var.a=2.25
Saved: results_comparison/RI_case8_R50_vara2.25_contam_rho25.rds 
There were 50 or more warnings (use warnings() to see the first 50)

Finished. Elapsed minutes: 2009.067 
Saved combined: results_comparison/RI_cases8_grid_contam_rho25.rds 

   method mis_type  rho  n convergence_rate MSPE_mean  MSPE_MCSE beta_MSE_mean beta_MSE_MCSE beta_SSE_mean beta_SSE_MCSE intercept_MSE_mean intercept_MSE_MCSE Var_a_hat_mean Var_a_hat_MCSE Var_b_hat_mean Var_b_hat_MCSE
1     BLM   contam 0.25 50                1  9.312709 0.03694388   0.002051278  6.405257e-05    0.10256388   0.003202628         0.06836375        0.015614189   0.2952015974   2.157389e-02             NA             NA
2    CIRG   contam 0.25 50                1  9.613067 0.05495672   0.002183845  6.144328e-05    0.10919227   0.003072164         0.05534353        0.011194500   0.0297255925   6.352934e-03             NA             NA
3     CPF   contam 0.25 50                1  9.310980 0.03701851   0.002052520  6.413145e-05    0.10262602   0.003206572         0.05852519        0.015127917   0.2403032765   1.511777e-02             NA             NA
4      KM   contam 0.25 50                1  9.558428 0.04733667   0.002119451  6.384054e-05    0.10597256   0.003192027         0.05546352        0.011155912   0.0004569059   2.018539e-04             NA             NA
5      LM   contam 0.25 50                1  9.553760 0.04734136   0.002116605  6.376638e-05    0.10583023   0.003188319         0.05545916        0.011158224   0.0000000000   0.000000e+00             NA             NA
6     OBS   contam 0.25 50                1  9.310898 0.03701989   0.002052566  6.416250e-05    0.10262829   0.003208125         0.05463007        0.013706163   0.2320966505   1.430770e-02             NA             NA
7  ORACLE   contam 0.25 50                1  9.122074 0.03239796   0.002006310  6.455995e-05    0.10031551   0.003227998         0.05497367        0.013870460   0.4181165354   2.579697e-02             NA             NA
8     BLM   contam 0.25 50                1  9.981480 0.07003285   0.002198743  6.426119e-05    0.10993713   0.003213059         0.29781018        0.068540695   1.2678673773   9.463532e-02             NA             NA
9    CIRG   contam 0.25 50                1 11.126519 0.13875368   0.002530042  6.722592e-05    0.12650211   0.003361296         0.23950029        0.048770451   0.0307541076   6.801072e-03             NA             NA
10    CPF   contam 0.25 50                1  9.975996 0.06962880   0.002201926  6.444097e-05    0.11009629   0.003222049         0.22363132        0.058016840   1.0745974819   6.378883e-02             NA             NA
11     KM   contam 0.25 50                1 11.093555 0.13995429   0.002474438  6.849365e-05    0.12372192   0.003424683         0.23911707        0.048814625   0.0005765402   2.795445e-04             NA             NA
12     LM   contam 0.25 50                1 11.088007 0.14045798   0.002470816  6.846336e-05    0.12354082   0.003423168         0.23911122        0.048819818   0.0000000000   0.000000e+00             NA             NA
13    OBS   contam 0.25 50                1  9.976282 0.06965384   0.002202138  6.443191e-05    0.11010691   0.003221595         0.22325913        0.057873795   1.0567677729   6.273028e-02             NA             NA
14 ORACLE   contam 0.25 50                1  9.122007 0.03243354   0.002005706  6.448567e-05    0.10028530   0.003224283         0.22895741        0.059980855   1.8886127590   1.113184e-01             NA             NA
15    BLM   contam 0.25 50                1  9.299391 0.03561766   0.001995796  6.524651e-05    0.09978979   0.003262325         0.04744646        0.009477271   0.4083354054   2.395975e-02             NA             NA
16   CIRG   contam 0.25 50                1  9.600477 0.04679385   0.002118236  6.562382e-05    0.10591182   0.003281191         0.03625380        0.006651929   0.0278928252   5.985175e-03             NA             NA
17    CPF   contam 0.25 50                1  9.297185 0.03566170   0.001995199  6.521805e-05    0.09975993   0.003260903         0.03195265        0.006139168   0.2993457759   1.567395e-02             NA             NA
18     KM   contam 0.25 50                1  9.547892 0.04297332   0.002042489  6.617612e-05    0.10212444   0.003308806         0.03613085        0.006579918   0.0001708511   8.808556e-06             NA             NA
19     LM   contam 0.25 50                1  9.548071 0.04298420   0.002042458  6.616957e-05    0.10212288   0.003308478         0.03613179        0.006580067   0.0000000000   0.000000e+00             NA             NA
20    OBS   contam 0.25 50                1  9.296718 0.03574120   0.001994939  6.522849e-05    0.09974696   0.003261424         0.02872383        0.006090758   0.2671483027   1.449809e-02             NA             NA
21 ORACLE   contam 0.25 50                1  9.096953 0.03417051   0.001957921  6.335389e-05    0.09789606   0.003167694         0.02952981        0.006585643   0.4791578939   2.515077e-02             NA             NA
22    BLM   contam 0.25 50                1 10.029612 0.05683542   0.002141266  7.118093e-05    0.10706330   0.003559046         0.18579950        0.043874198   1.7302101200   9.119923e-02             NA             NA
23   CIRG   contam 0.25 50                1 11.279256 0.11353555   0.002467820  8.181099e-05    0.12339101   0.004090550         0.15566733        0.028486588   0.0258342651   5.649778e-03             NA             NA
24    CPF   contam 0.25 50                1 10.018984 0.05615337   0.002143301  7.119075e-05    0.10716505   0.003559538         0.13655434        0.026672075   1.3156655491   6.697587e-02             NA             NA
25     KM   contam 0.25 50                1 11.205198 0.10989134   0.002400307  8.207652e-05    0.12001537   0.004103826         0.15545863        0.028435101   0.0001824109   5.550632e-06             NA             NA
26     LM   contam 0.25 50                1 11.205504 0.10990223   0.002400304  8.207054e-05    0.12001521   0.004103527         0.15546173        0.028435730   0.0000000000   0.000000e+00             NA             NA
27    OBS   contam 0.25 50                1 10.018106 0.05613497   0.002143005  7.121585e-05    0.10715024   0.003560793         0.11742169        0.024997649   1.1956917939   5.756798e-02             NA             NA
28 ORACLE   contam 0.25 50                1  9.098283 0.03423431   0.001958897  6.334156e-05    0.09794485   0.003167078         0.11913441        0.025946117   2.1384781260   1.036756e-01             NA             NA
29    BLM   contam 0.25 50                1  9.335684 0.03640592   0.001994623  6.239096e-05    0.09973116   0.003119548         0.02205142        0.004751912   0.5239970036   1.904771e-02             NA             NA
30   CIRG   contam 0.25 50                1  9.578986 0.03876945   0.002092911  6.567055e-05    0.10464556   0.003283528         0.01540235        0.002977946   0.0255523652   5.647753e-03             NA             NA
31    CPF   contam 0.25 50                1  9.434894 0.03623992   0.002026908  6.539232e-05    0.10134541   0.003269616         0.11267490        0.025446614   0.5983352832   4.284748e-02             NA             NA
32     KM   contam 0.25 50                1  9.558421 0.03890041   0.002043299  6.404893e-05    0.10216494   0.003202447         0.01556691        0.003021224   0.0003682773   1.429552e-04             NA             NA
33     LM   contam 0.25 50                1  9.559387 0.03883519   0.002042726  6.416743e-05    0.10213629   0.003208372         0.01555891        0.003021422   0.0000000000   0.000000e+00             NA             NA
34    OBS   contam 0.25 50                1  9.328175 0.03625819   0.001993234  6.262205e-05    0.09966169   0.003131103         0.01328579        0.002988956   0.2698395352   1.024633e-02             NA             NA
35 ORACLE   contam 0.25 50                1  9.120569 0.03487825   0.001979436  6.321790e-05    0.09897179   0.003160895         0.01116413        0.002499529   0.4804056939   1.589833e-02             NA             NA
36    BLM   contam 0.25 50                1 10.096418 0.04816551   0.002120469  6.356344e-05    0.10602343   0.003178172         0.12117953        0.017456637   2.0125021659   7.099311e-02             NA             NA
37   CIRG   contam 0.25 50                1 11.280223 0.07996063   0.002450959  7.109763e-05    0.12254797   0.003554882         0.06854536        0.013692581   0.0225471291   5.459645e-03             NA             NA
38    CPF   contam 0.25 50                1 10.536834 0.06043632   0.002241023  6.727892e-05    0.11205117   0.003363946         0.29706825        0.080739239   2.6021380248   1.569422e-01             NA             NA
39     KM   contam 0.25 50                1 11.245872 0.08131806   0.002382505  7.002705e-05    0.11912525   0.003501353         0.06811347        0.013565031   0.0004376737   2.508654e-04             NA             NA
40     LM   contam 0.25 50                1 11.248683 0.08096491   0.002382322  7.002749e-05    0.11911611   0.003501375         0.06811222        0.013564766   0.0000000000   0.000000e+00             NA             NA
41    OBS   contam 0.25 50                1 10.080839 0.04804818   0.002117962  6.381058e-05    0.10589808   0.003190529         0.04962904        0.011383916   1.2111468008   3.666004e-02             NA             NA
42 ORACLE   contam 0.25 50                1  9.126788 0.03503426   0.001983156  6.300177e-05    0.09915779   0.003150089         0.04294523        0.009998574   2.1559598940   6.605313e-02             NA             NA
   Var_e_hat_mean Var_e_hat_MCSE Var_a_MSE_mean Var_a_MSE_MCSE Var_b_MSE_mean Var_b_MSE_MCSE Var_e_MSE_mean Var_e_MSE_MCSE G_MSE_mean G_MSE_MCSE selected_K_mean selected_K_MCSE runtime_mean runtime_MCSE iterations_mean
1        9.138409     0.02001352     0.06474859   7.203094e-03             NA             NA     0.03878364    0.007018920         NA         NA            6.00      0.00000000      0.06206 1.915439e-03            5.66
2        9.353264     0.03271319     0.22313565   5.537885e-03             NA             NA     0.17723297    0.027490484         NA         NA            5.08      0.76015036    191.77430 3.542594e+01           20.44
3        9.141290     0.01995937     0.07864118   7.076293e-03             NA             NA     0.03948324    0.007089121         NA         NA            9.42      0.08614179      0.24986 8.274969e-03            6.52
4        9.373535     0.03155140     0.24954530   2.003301e-04             NA             NA     0.18830727    0.027634753         NA         NA            2.00      0.00000000    266.89826 9.847934e+00           19.54
5        9.373585     0.03154920     0.25000000   0.000000e+00             NA             NA     0.18833835    0.027632155         NA         NA            1.00      0.00000000      0.00996 1.267477e-03            1.00
6        9.141963     0.01997712     0.08180301   6.992496e-03             NA             NA     0.03970865    0.007128431         NA         NA           10.00      0.00000000      0.05252 1.796423e-03            6.70
7        8.950105     0.01639280     0.03931360   5.888163e-03             NA             NA     0.01565699    0.002529261         NA         NA           10.00      0.00000000      0.04328 9.651224e-04            5.58
8        9.807446     0.05956006     1.40342080   1.424558e-01             NA             NA     0.82579183    0.111021812         NA         NA            6.00      0.00000000      0.04946 6.208684e-04            4.54
9       10.852754     0.12872395     4.92731881   2.962199e-02             NA             NA     4.24461931    0.554894538         NA         NA            4.98      0.73539660    157.77402 3.342874e+01           23.30
10       9.806821     0.05932123     1.58095281   1.382670e-01             NA             NA     0.82339075    0.110683878         NA         NA            9.42      0.09934479      0.25778 1.043152e-02            4.54
11      10.875064     0.12847663     5.05990973   1.254996e-03             NA             NA     4.32467047    0.557594085         NA         NA            2.00      0.00000000    252.75806 8.221046e+00           20.58
12      10.875152     0.12846020     5.06250000   0.000000e+00             NA             NA     4.32479533    0.557516655         NA         NA            1.00      0.00000000      0.00844 1.052174e-03            1.00
13       9.807524     0.05931579     1.61662244   1.384754e-01             NA             NA     0.82449508    0.110764099         NA         NA           10.00      0.00000000      0.03594 1.351465e-03            4.58
14       8.950151     0.01638687     0.73779843   1.076639e-01             NA             NA     0.01564282    0.002527233         NA         NA           10.00      0.00000000      0.03204 4.040206e-04            4.24
15       9.148105     0.01811084     0.03653182   6.604061e-03             NA             NA     0.03800719    0.006179506         NA         NA            7.00      0.00000000      0.06228 2.236258e-03            5.86
16       9.409570     0.02756338     0.22464048   5.234487e-03             NA             NA     0.20497470    0.023709876         NA         NA            3.98      0.54322544    130.08872 2.679499e+01           17.92
17       9.154757     0.01814471     0.05230008   5.293049e-03             NA             NA     0.04008197    0.006415692         NA         NA           14.06      0.20285714      0.34834 5.643968e-03            6.88
18       9.428086     0.02663882     0.24982918   8.802269e-06             NA             NA     0.21802916    0.023692772         NA         NA            2.00      0.00000000    242.89714 7.470546e+00           20.00
19       9.427979     0.02663735     0.25000000   0.000000e+00             NA             NA     0.21793390    0.023685481         NA         NA            1.00      0.00000000      0.00840 1.010153e-03            1.00
20       9.160916     0.01810715     0.06451944   5.662435e-03             NA             NA     0.04195950    0.006607948         NA         NA           20.00      0.00000000      0.05628 1.131746e-03            7.98
21       8.949649     0.01617369     0.03142990   7.894552e-03             NA             NA     0.01535309    0.002404689         NA         NA           20.00      0.00000000      0.04696 9.266838e-04            6.52
22       9.877121     0.04710687     0.67772916   9.745684e-02             NA             NA     0.87807499    0.092266828         NA         NA            7.00      0.00000000      0.05204 1.120481e-03            4.62
23      11.056252     0.10050841     4.94847730   2.482781e-02             NA             NA     4.72316804    0.459480784         NA         NA            4.08      0.58473088    132.23998 1.916218e+01           20.62
24       9.879013     0.04677377     1.09278344   1.026456e-01             NA             NA     0.87986585    0.091619204         NA         NA           14.78      0.19647921      0.40854 8.619258e-03            4.80
25      11.073251     0.10009134     5.06167919   2.497497e-05             NA             NA     4.78926671    0.458251147         NA         NA            2.00      0.00000000    242.76216 7.464347e+00           20.88
26      11.073132     0.10008932     5.06250000   0.000000e+00             NA             NA     4.78875199    0.458215264         NA         NA            1.00      0.00000000      0.00932 1.375423e-03            1.00
27       9.882696     0.04676774     1.27395533   1.009186e-01             NA             NA     0.88632553    0.092041988         NA         NA           20.00      0.00000000      0.03852 3.909591e-04            5.12
28       8.949682     0.01617646     0.53911958   1.446182e-01             NA             NA     0.01535409    0.002411617         NA         NA           20.00      0.00000000      0.03828 1.100664e-03            4.98
29       9.113203     0.01882073     0.01835380   3.920182e-03             NA             NA     0.03017169    0.005774286         NA         NA            9.98      0.02000000      0.07732 3.532986e-03            6.72
30       9.407709     0.02420553     0.22666352   4.974829e-03             NA             NA     0.19493577    0.022087654         NA         NA            5.06      0.70878453    132.75556 1.469910e+01           20.98
31       9.265199     0.02065824     0.09962924   3.420385e-02             NA             NA     0.09124169    0.012352626         NA         NA            5.66      0.31893957      0.85974 2.225428e-02            6.08
32       9.425243     0.02406350     0.24963286   1.420571e-04             NA             NA     0.20920548    0.023293930         NA         NA            2.00      0.00000000    262.12140 8.781952e+00           21.36
33       9.425264     0.02405721     0.25000000   0.000000e+00             NA             NA     0.20920861    0.023283142         NA         NA            1.00      0.00000000      0.00946 1.049085e-03            1.00
34       9.158611     0.01892702     0.05811822   4.479266e-03             NA             NA     0.04271086    0.007293895         NA         NA           50.00      0.00000000      0.08962 2.245338e-03           12.42
35       8.952224     0.01663500     0.01276902   2.686514e-03             NA             NA     0.01584198    0.002594494         NA         NA           50.00      0.00000000      0.06782 1.385844e-03            9.14
36       9.847195     0.03762174     0.30336625   4.863552e-02             NA             NA     0.78709347    0.070135484         NA         NA            9.98      0.02000000      0.07680 4.013142e-03            5.00
37      11.069820     0.07173561     4.96300687   2.396473e-02             NA             NA     4.53630912    0.311088165         NA         NA            3.78      0.53168197    125.73518 1.516789e+01           19.64
38      10.339281     0.04938153     1.33091258   4.744813e-01             NA             NA     1.91316219    0.144568916         NA         NA            6.96      0.31031255      1.17296 1.990319e-02            4.96
39      11.084090     0.07284333     5.06053374   1.125657e-03             NA             NA     4.60343194    0.319759284         NA         NA            2.00      0.00000000    268.18352 7.849058e+00           21.62
40      11.084104     0.07282575     5.06250000   0.000000e+00             NA             NA     4.60336369    0.319685858         NA         NA            1.00      0.00000000      0.01438 3.263514e-03            1.00
41       9.888568     0.03761858     1.14506995   7.343976e-02             NA             NA     0.85889531    0.073189403         NA         NA           50.00      0.00000000      0.05442 1.080850e-03            6.40
42       8.952074     0.01661438     0.22263130   4.819127e-02             NA             NA     0.01582278    0.002594874         NA         NA           50.00      0.00000000      0.05174 8.665248e-04            6.16
   iterations_MCSE group_ARI_mean group_ARI_MCSE case R_setting Var_a_setting
1       0.14173848   3.991374e-01   7.445842e-03    8        10          0.50
2       1.96773152   1.323447e-04   2.238412e-04    8        10          0.50
3       0.17668143   5.538238e-01   4.864354e-03    8        10          0.50
4       0.87140984   1.154403e-05   6.740316e-05    8        10          0.50
5       0.00000000             NA             NA    8        10          0.50
6       0.19639610   5.747475e-01   1.587019e-03    8        10          0.50
7       0.14593820   1.000000e+00   0.000000e+00    8        10          0.50
8       0.09129454   4.000422e-01   7.447596e-03    8        10          2.25
9       3.66408382   9.713416e-05   2.453758e-04    8        10          2.25
10      0.09566097   5.631221e-01   3.202323e-03    8        10          2.25
11      0.49986937   1.154403e-05   6.740316e-05    8        10          2.25
12      0.00000000             NA             NA    8        10          2.25
13      0.09514758   5.747475e-01   1.587019e-03    8        10          2.25
14      0.06101188   1.000000e+00   0.000000e+00    8        10          2.25
15      0.14288571   2.628932e-01   5.072771e-03    8        20          0.50
16      1.58045201  -1.286287e-05   1.153578e-04    8        20          0.50
17      0.15555037   4.481485e-01   7.134588e-03    8        20          0.50
18      1.44561264   6.251055e-06   6.899436e-05    8        20          0.50
19      0.00000000             NA             NA    8        20          0.50
20      0.17954591   5.694574e-01   9.452513e-04    8        20          0.50
21      0.14635713   1.000000e+00   0.000000e+00    8        20          0.50
22      0.08025470   2.745214e-01   4.150808e-03    8        20          2.25
23      1.95769335  -7.186269e-05   9.832885e-05    8        20          2.25
24      0.07559289   4.801100e-01   5.558216e-03    8        20          2.25
25      0.82246022   6.251055e-06   6.899436e-05    8        20          2.25
26      0.00000000             NA             NA    8        20          2.25
27      0.06785338   5.694574e-01   9.452513e-04    8        20          2.25
28      0.05337583   1.000000e+00   0.000000e+00    8        20          2.25
29      0.21578523   1.771671e-01   2.895695e-03    8        50          0.50
30      2.01230703   1.458418e-05   5.742859e-05    8        50          0.50
31      0.12401448   2.068264e-02   2.425793e-03    8        50          0.50
32      1.52870760   3.661765e-05   3.107710e-05    8        50          0.50
33      0.00000000             NA             NA    8        50          0.50
34      0.30651431   5.650095e-01   9.904390e-04    8        50          0.50
35      0.18737717   1.000000e+00   0.000000e+00    8        50          0.50
36      0.11065667   1.798773e-01   3.146559e-03    8        50          2.25
37      1.52523267  -5.881695e-05   5.276237e-05    8        50          2.25
38      0.05685642   2.737948e-02   3.209852e-03    8        50          2.25
39      0.93104725   3.661765e-05   3.107710e-05    8        50          2.25
40      0.00000000             NA             NA    8        50          2.25
41      0.09035079   5.650095e-01   9.904390e-04    8        50          2.25
42      0.05237229   1.000000e+00   0.000000e+00    8        50          2.25
