Host: erc-hpc-comp009
MODEL=RS CASE=3 MIS_TYPE=contam RHO=0.25
============================================================
Method comparison
MODEL=RS cases=3 misspec=contam rho=0.25
N=2500 p=50 R=10,20,50 Var.a=0.5,2.25
nloop=50 tau=255
Methods: ORACLE, OBS, LM, KM, GMM, CPF, BLM, CIRG
============================================================

Running case=3 R=10 Var.a=0.5
Saved: results_comparison/RS_case3_R10_vara0.5_varb0.1_contam_rho25.rds 

Running case=3 R=10 Var.a=2.25
Saved: results_comparison/RS_case3_R10_vara2.25_varb0.1_contam_rho25.rds 

Running case=3 R=20 Var.a=0.5
Saved: results_comparison/RS_case3_R20_vara0.5_varb0.1_contam_rho25.rds 

Running case=3 R=20 Var.a=2.25
Saved: results_comparison/RS_case3_R20_vara2.25_varb0.1_contam_rho25.rds 

Running case=3 R=50 Var.a=0.5
Saved: results_comparison/RS_case3_R50_vara0.5_varb0.1_contam_rho25.rds 

Running case=3 R=50 Var.a=2.25
Saved: results_comparison/RS_case3_R50_vara2.25_varb0.1_contam_rho25.rds 
There were 50 or more warnings (use warnings() to see the first 50)

Finished. Elapsed minutes: 2840.223 
Saved combined: results_comparison/RS_cases3_grid_contam_rho25.rds 

   method mis_type  rho  n convergence_rate MSPE_mean  MSPE_MCSE beta_MSE_mean beta_MSE_MCSE beta_SSE_mean beta_SSE_MCSE intercept_MSE_mean intercept_MSE_MCSE Var_a_hat_mean Var_a_hat_MCSE Var_b_hat_mean Var_b_hat_MCSE
1     BLM   contam 0.25 50             1.00 11.297801 0.09965927   0.019001679  0.0006094937     0.9500839   0.030474683         0.23695321        0.042099646   9.717766e-05   1.390946e-06   0.0001470704   1.171727e-06
2    CIRG   contam 0.25 50             1.00 12.610896 0.19927529   0.022519726  0.0008995380     1.1259863   0.044976898         0.45771090        0.102511676   6.135356e+00   5.020050e-01   0.0071276601   5.296169e-04
3     CPF   contam 0.25 50             1.00 10.346754 0.05891104   0.016660818  0.0005101868     0.8330409   0.025509342         0.15003767        0.029198458   2.666550e-01   2.428851e-02   0.0439022366   9.269057e-04
4      KM   contam 0.25 50             0.98 11.167051 0.09670749   0.018616600  0.0005873175     0.9308300   0.029365877         0.32640749        0.060582691   2.016235e-01   5.065450e-02   0.0066064471   5.920831e-04
5      LM   contam 0.25 50             1.00 11.297801 0.09965927   0.019001679  0.0006094937     0.9500839   0.030474683         0.23695321        0.042099646   0.000000e+00   0.000000e+00             NA             NA
6     OBS   contam 0.25 50             1.00 10.325178 0.05829835   0.016517853  0.0005121146     0.8258927   0.025605729         0.14601239        0.026817075   2.640351e-01   2.426631e-02   0.0458173866   7.749575e-04
7  ORACLE   contam 0.25 50             1.00  9.408473 0.03679734   0.014946815  0.0004618008     0.7473408   0.023090039         0.06093128        0.014787135   4.574907e-01   3.633940e-02   0.0843323281   1.150506e-03
8     BLM   contam 0.25 50             1.00 12.755532 0.21141207   0.021859038  0.0008296205     1.0929519   0.041481023         0.77850801        0.146943877   1.095136e-04   1.973388e-06   0.0001660111   2.650731e-06
9    CIRG   contam 0.25 50             0.98 13.907484 0.27372750   0.026542461  0.0011272116     1.3271230   0.056360578         1.37101928        0.259630255   6.758392e+00   5.994919e-01   0.0097177559   9.152932e-04
10    CPF   contam 0.25 50             1.00 10.945682 0.09699693   0.018161083  0.0005678154     0.9080541   0.028390768         0.49262411        0.095180688   1.063919e+00   1.035104e-01   0.0461657597   1.001572e-03
11     KM   contam 0.25 50             0.98 12.503731 0.20161226   0.020965645  0.0007933006     1.0482822   0.039665029         0.83312153        0.138819071   8.683649e-01   2.332878e-01   0.0117211533   1.440944e-03
12     LM   contam 0.25 50             1.00 12.755532 0.21141207   0.021859038  0.0008296205     1.0929519   0.041481023         0.77850801        0.146943877   0.000000e+00   0.000000e+00             NA             NA
13    OBS   contam 0.25 50             1.00 10.921737 0.09666227   0.017897571  0.0005564704     0.8948785   0.027823520         0.45787955        0.092092525   1.002318e+00   8.085935e-02   0.0482316580   8.854422e-04
14 ORACLE   contam 0.25 50             1.00  9.410547 0.03684065   0.014970228  0.0004615044     0.7485114   0.023075222         0.22452443        0.056264768   1.975802e+00   1.250291e-01   0.0842904340   1.150485e-03
15    BLM   contam 0.25 50             1.00 11.436934 0.06026813   0.011937557  0.0003755165     0.5968779   0.018775823         0.04913853        0.008415730   5.678239e-05   2.470236e-07   0.0001487850   6.858270e-07
16   CIRG   contam 0.25 50             1.00 12.437982 0.16761799   0.014486021  0.0004492398     0.7243010   0.022461992         0.11822319        0.023803329   4.630627e+00   5.335134e-01   0.0080975079   6.636756e-04
17    CPF   contam 0.25 50             1.00 10.665628 0.04264974   0.011307995  0.0003261454     0.5653998   0.016307270         0.04178133        0.008022856   2.797044e-01   1.706406e-02   0.0360647712   9.765497e-04
18     KM   contam 0.25 50             1.00 11.319912 0.05767302   0.012097115  0.0003872883     0.6048557   0.019364415         0.08795176        0.014566316   5.489407e-02   9.402567e-03   0.0043215737   4.722663e-04
19     LM   contam 0.25 50             1.00 11.436934 0.06026813   0.011937557  0.0003755165     0.5968779   0.018775823         0.04913853        0.008415730   0.000000e+00   0.000000e+00             NA             NA
20    OBS   contam 0.25 50             1.00 10.571458 0.04128144   0.010864608  0.0003208994     0.5432304   0.016044971         0.03811902        0.007031838   2.183176e-01   1.197045e-02   0.0481757209   8.164931e-04
21 ORACLE   contam 0.25 50             1.00  9.713195 0.03421513   0.010255763  0.0002851403     0.5127881   0.014257013         0.03268415        0.005849085   4.730220e-01   2.932154e-02   0.0891599930   1.074200e-03
22    BLM   contam 0.25 50             1.00 13.023157 0.11429477   0.012924630  0.0004218466     0.6462315   0.021092330         0.14556772        0.026057399   6.428696e-05   4.698358e-07   0.0001684481   1.324265e-06
23   CIRG   contam 0.25 50             1.00 14.060961 0.24023609   0.015928714  0.0006036643     0.7964357   0.030183217         0.24968669        0.045213906   5.691190e+00   6.013634e-01   0.0115645144   8.483609e-04
24    CPF   contam 0.25 50             1.00 11.297199 0.06114468   0.011799385  0.0003409251     0.5899692   0.017046255         0.14902462        0.030113448   9.472107e-01   5.018955e-02   0.0402524938   1.059488e-03
25     KM   contam 0.25 50             0.98 12.773390 0.11803823   0.013538842  0.0004519704     0.6769421   0.022598521         0.35010284        0.051505084   2.048440e-01   3.303818e-02   0.0068112227   7.523770e-04
26     LM   contam 0.25 50             1.00 13.023157 0.11429477   0.012924630  0.0004218466     0.6462315   0.021092330         0.14556772        0.026057399   0.000000e+00   0.000000e+00             NA             NA
27    OBS   contam 0.25 50             1.00 11.202423 0.05835902   0.011359735  0.0003445565     0.5679867   0.017227826         0.12294087        0.025473513   8.066828e-01   4.205765e-02   0.0511721364   8.415732e-04
28 ORACLE   contam 0.25 50             1.00  9.715523 0.03431353   0.010311916  0.0002891627     0.5155958   0.014458135         0.11935861        0.023428272   2.149701e+00   1.054282e-01   0.0890663948   1.064265e-03
29    BLM   contam 0.25 50             1.00 15.797631 0.23330608   0.009359548  0.0002761592     0.4679774   0.013807960         0.06774505        0.012515316   1.407223e-04   2.842348e-06   0.0001789185   2.633989e-06
30   CIRG   contam 0.25 50             0.92 15.799536 0.27029546   0.009966061  0.0003690643     0.4983030   0.018453213         1.90185813        0.554239837   9.023634e+00   2.772039e+00   0.0107708128   1.860011e-03
31    CPF   contam 0.25 50             0.98 13.852328 0.12369814   0.010482714  0.0004011567     0.5241357   0.020057835         0.30965981        0.059646644   1.111902e+00   1.880735e-01   0.0128236179   1.313325e-03
32     KM   contam 0.25 50             0.96 15.297976 0.23209833   0.010004570  0.0003689095     0.5002285   0.018445476         3.66078408        0.823329207   9.389347e+00   2.092851e+00   0.0111315256   1.124052e-03
33     LM   contam 0.25 50             1.00 15.797631 0.23330608   0.009359548  0.0002761592     0.4679774   0.013807960         0.06774505        0.012515316   0.000000e+00   0.000000e+00             NA             NA
34    OBS   contam 0.25 50             1.00 12.472990 0.09453312   0.007479990  0.0002375783     0.3739995   0.011878916         0.06009200        0.012204073   6.312766e-01   2.838856e-02   0.0466375972   7.551790e-04
35 ORACLE   contam 0.25 50             0.98 10.097588 0.04260028   0.006443392  0.0001993893     0.3221696   0.009969464         0.02932106        0.006300190   4.740232e-01   3.170906e-02   0.0936466140   1.224531e-03
36    BLM   contam 0.25 50             1.00 17.372410 0.25878714   0.009889382  0.0002934921     0.4944691   0.014674603         0.15153807        0.029831428   1.528403e-04   2.770064e-06   0.0001941328   2.410338e-06
37   CIRG   contam 0.25 50             0.94 17.587652 0.32945014   0.011104164  0.0004281452     0.5552082   0.021407258         1.91040198        0.419693998   1.079228e+01   3.452320e+00   0.0125541465   1.829434e-03
38    CPF   contam 0.25 50             0.98 15.003398 0.15446731   0.010673941  0.0003998912     0.5336970   0.019994562         0.63225163        0.126865500   2.325512e+00   5.525063e-01   0.0136002356   1.430619e-03
39     KM   contam 0.25 50             0.98 16.720464 0.25681894   0.010874384  0.0004450236     0.5437192   0.022251180         4.55333929        0.917523506   1.177268e+01   2.478972e+00   0.0137097183   1.209614e-03
40     LM   contam 0.25 50             1.00 17.372410 0.25878714   0.009889382  0.0002934921     0.4944691   0.014674603         0.15153807        0.029831428   0.000000e+00   0.000000e+00             NA             NA
41    OBS   contam 0.25 50             1.00 13.092102 0.10413200   0.007707518  0.0002427214     0.3853759   0.012136068         0.13569952        0.028609872   1.397696e+00   4.804714e-02   0.0491949428   7.155570e-04
42 ORACLE   contam 0.25 50             1.00 10.105721 0.04265656   0.006456872  0.0001987731     0.3228436   0.009938653         0.08111671        0.018466384   2.158130e+00   9.499350e-02   0.0934715251   1.204650e-03
   Var_e_hat_mean Var_e_hat_MCSE Var_a_MSE_mean Var_a_MSE_MCSE Var_b_MSE_mean Var_b_MSE_MCSE Var_e_MSE_mean Var_e_MSE_MCSE   G_MSE_mean   G_MSE_MCSE selected_K_mean selected_K_MCSE runtime_mean runtime_MCSE
1       11.185490     0.08667883     0.24990283   1.390666e-06   0.0099706076   2.339882e-07     5.14451641    0.462923832 2.877483e-04 4.752970e-09            1.00      0.00000000      0.34592 6.954772e-03
2        5.608007     0.45860423    44.10568236   4.326239e+00   0.0086390157   9.691166e-05    21.81118924    1.959964577 1.712327e-02 1.662786e-03            6.18      0.59842651    263.99374 2.766687e+01
3       10.007059     0.03864051     0.08335654   9.878630e-03   0.0031890576   1.029264e-04     1.08732956    0.091369955 9.335233e-05 4.508243e-06            9.40      0.09897433      0.60404 1.814839e-02
4       11.052964     0.08432715     0.21475660   3.302293e-02   0.0087395333   1.101189e-04     4.56310469    0.424864300 2.505703e-04 1.258306e-05            2.00      0.00000000    256.16286 6.312364e+00
5       11.182501     0.08665587     0.25000000   0.000000e+00             NA             NA     5.13126164    0.462265565           NA           NA            1.00      0.00000000      0.01338 2.320783e-03
6        9.971203     0.03943461     0.08453329   9.627511e-03   0.0029651830   8.251494e-05     1.01943400    0.091659521 8.950113e-05 4.242722e-06           10.00      0.00000000      0.36284 1.343186e-02
7        9.021450     0.01762855     0.06651410   9.723379e-03   0.0003103355   3.785910e-05     0.01568763    0.002964415 3.153821e-05 3.786289e-06           10.00      0.00000000      0.24490 1.033845e-02
8       12.623801     0.19728227     5.06200720   8.879791e-06   0.0099668257   5.292056e-07    15.03902727    1.823661787 2.137773e-03 1.285417e-08            1.00      0.00000000      0.27980 2.042807e-03
9        6.849499     0.57295493    37.93573643   4.514555e+00   0.0081919339   1.571556e-04    20.71024503    1.720416047 1.474253e-02 1.735406e-03            5.66      0.52341890    270.56960 4.454138e+01
10      10.597486     0.08286136     1.93179415   1.755137e-01   0.0029472796   1.069638e-04     2.88839570    0.337245567 7.993688e-04 6.816101e-05            9.30      0.12205720      0.52308 1.255716e-02
11      12.370301     0.18937559     4.57565290   5.759089e-01   0.0078948944   2.298826e-04    13.11622100    1.683101793 1.910956e-03 2.199027e-04            2.00      0.00000000    215.87820 3.822566e+00
12      12.620427     0.19723045     5.06250000   0.000000e+00             NA             NA    15.01358522    1.821766885           NA           NA            1.00      0.00000000      0.00920 1.014587e-03
13      10.560786     0.08213070     1.87708336   1.762112e-01   0.0027183776   8.958535e-05     2.76657937    0.330201744 7.739340e-04 6.816578e-05           10.00      0.00000000      0.29070 4.831297e-03
14       9.021481     0.01763093     0.84116664   1.167708e-01   0.0003116476   3.766707e-05     0.01569307    0.002998175 3.293922e-04 4.487374e-05           10.00      0.00000000      0.17732 2.772230e-03
15      11.245548     0.04523144     0.24994322   2.469954e-07   0.0099702652   1.369598e-07     5.14273579    0.209307290 2.877572e-04 2.691178e-09            1.00      0.00000000      0.28550 2.338192e-03
16       7.290296     0.46450857    31.00926587   4.118003e+00   0.0084676509   1.205033e-04    13.49573151    1.512776980 1.208483e-02 1.582306e-03            6.16      0.65922651    172.40984 1.740490e+01
17      10.181925     0.02881619     0.06279806   5.987125e-03   0.0041344423   1.268572e-04     1.43763488    0.068214963 1.036218e-04 3.370450e-06           14.12      0.22431756      0.86566 1.513500e-02
18      11.128973     0.04310775     0.20245129   7.543736e-03   0.0091652900   8.864788e-05     4.62358164    0.189870732 2.540238e-04 3.186589e-06            2.00      0.00000000    281.44774 6.139424e+00
19      11.242570     0.04522099     0.25000000   0.000000e+00             NA             NA     5.12932266    0.208988099           NA           NA            1.00      0.00000000      0.00772 2.321857e-04
20       9.960288     0.02829657     0.08636628   6.432614e-03   0.0027184223   8.318070e-05     0.96138806    0.054119928 8.546228e-05 2.965786e-06           20.00      0.00000000      0.57196 1.003003e-02
21       9.009922     0.02089705     0.04285570   8.778567e-03   0.0001740471   2.357277e-05     0.02149608    0.004492572 1.982240e-05 3.401696e-06           20.00      0.00000000      0.33616 1.818518e-02
22      12.790706     0.09335246     5.06221071   2.114200e-06   0.0099663388   2.644045e-07    14.79647381    0.721362050 2.137842e-03 5.804249e-09            1.00      0.00000000      0.30456 4.541613e-03
23       7.885097     0.51082622    29.56204952   3.583434e+00   0.0078561012   1.480575e-04    14.02923764    1.052994131 1.151667e-02 1.376559e-03            6.54      0.65478459    210.61882 2.886217e+01
24      10.761665     0.04636356     1.82069058   1.132932e-01   0.0036247678   1.335254e-04     3.20879373    0.173213808 7.696767e-04 4.319462e-05           14.52      0.24783141      0.98850 2.729659e-02
25      12.546719     0.09534778     4.23614742   1.259321e-01   0.0087118857   1.370185e-04    13.02468322    0.701334155 1.796133e-03 4.789798e-05            2.00      0.00000000    298.37496 7.447500e+00
26      12.787334     0.09332902     5.06250000   0.000000e+00             NA             NA    14.77070671    0.720550077           NA           NA            1.00      0.00000000      0.00846 3.297618e-04
27      10.548648     0.04294981     2.16983796   1.098406e-01   0.0024188643   8.058000e-05     2.48870173    0.138361661 8.807309e-04 4.232147e-05           20.00      0.00000000      0.61274 1.315927e-02
28       9.010207     0.02087103     0.55469975   1.094832e-01   0.0001750440   2.367656e-05     0.02144857    0.004494519 2.166290e-04 4.208076e-05           20.00      0.00000000      0.34554 6.443931e-03
29      15.660072     0.24468719     0.24985930   2.841542e-06   0.0099642486   5.258508e-07    47.29028143    3.420188559 2.876093e-04 1.093848e-08            1.00      0.00000000      0.37590 9.852349e-03
30      13.950583     0.39796715   449.17807454   2.891576e+02   0.0081313702   2.932222e-04    32.26878916    3.244213798 1.728507e-01 1.111684e-01            4.62      0.51893926    221.57246 1.957558e+01
31      13.649165     0.12992549     2.10763350   1.075365e+00   0.0076842379   2.248201e-04    22.44189039    1.228604309 9.580336e-04 4.143683e-04            4.72      0.31433766      2.39308 1.522791e-01
32      15.115643     0.24062688   293.64173931   1.152208e+02   0.0079595168   1.892015e-04    40.23825549    3.155042788 1.130487e-01 4.429629e-02            3.86      0.04956958    452.58222 1.157449e+01
33      15.655308     0.24461529     0.25000000   0.000000e+00             NA             NA    47.22511362    3.416846949           NA           NA            1.00      0.00000000      0.01730 4.445612e-03
34      11.552511     0.09010019     0.05672316   1.065286e-02   0.0028754905   8.132009e-05     6.91309798    0.480645707 7.708485e-05 4.406058e-06           50.00      0.00000000      2.81906 6.023999e-02
35       8.999414     0.02380421     0.04994256   8.718721e-03   0.0001138399   2.256927e-05     0.02776573    0.005917746 2.138968e-05 3.394512e-06           50.00      0.00000000      1.89818 2.456340e-01
36      17.228661     0.27129537     5.06181224   1.246444e-05   0.0099612114   4.811391e-07    71.31731955    4.717469607 2.137590e-03 1.290871e-08            1.00      0.00000000      0.38914 7.158156e-03
37      14.581802     0.54988846   656.97771204   5.289345e+02   0.0078107718   2.906382e-04    45.97300625    5.172535475 2.527367e-01 2.033554e-01            5.44      0.65288059    270.49346 2.753138e+01
38      14.766785     0.16496355    14.96359706   1.275537e+01   0.0075652061   2.369447e-04    34.58924677    2.040035306 5.898446e-03 4.904973e-03            5.32      0.36414843      2.45876 1.453797e-01
39      16.523183     0.26613574   391.80136362   1.603981e+02   0.0075177078   2.009372e-04    60.06885985    4.325459806 1.507794e-01 6.166549e-02            3.86      0.04956958    472.07124 1.243702e+01
40      17.223470     0.27122681     5.06250000   0.000000e+00             NA             NA    71.23009904    4.713482017           NA           NA            1.00      0.00000000      0.01312 2.833133e-03
41      12.103145     0.10126262     0.83953987   8.173387e-02   0.0026062429   7.318285e-05    10.13196373    0.656412122 3.728766e-04 3.137737e-05           50.00      0.00000000      2.78192 5.407863e-02
42       9.000431     0.02399526     0.45060457   7.116560e-02   0.0001137289   2.136270e-05     0.02821303    0.006063587 1.754291e-04 2.737935e-05           50.00      0.00000000      1.52230 3.221429e-02
   iterations_mean iterations_MCSE group_ARI_mean group_ARI_MCSE case R_setting Var_a_setting
1            27.00      0.00000000     0.00000000   0.0000000000    3        10          0.50
2            59.90      9.28387894     0.12457529   0.0065883742    3        10          0.50
3            25.60      0.88709570     0.55501316   0.0046412847    3        10          0.50
4            74.82     14.18751075     0.16449606   0.0058901660    3        10          0.50
5             1.00      0.00000000             NA             NA    3        10          0.50
6            25.74      0.82502195     0.57474755   0.0015870192    3        10          0.50
7            17.02      0.71741600     1.00000000   0.0000000000    3        10          0.50
8            27.00      0.00000000     0.00000000   0.0000000000    3        10          2.25
9            61.70     11.36299939     0.13210922   0.0064917021    3        10          2.25
10           24.42      0.46606472     0.55442697   0.0060826844    3        10          2.25
11           56.52     10.39200006     0.16449606   0.0058901660    3        10          2.25
12            1.00      0.00000000             NA             NA    3        10          2.25
13           24.86      0.41503381     0.57474755   0.0015870192    3        10          2.25
14           14.78      0.25601339     1.00000000   0.0000000000    3        10          2.25
15           26.88      0.04642308     0.00000000   0.0000000000    3        20          0.50
16           50.60      4.03666866     0.15357624   0.0057137309    3        20          0.50
17           42.40      1.07930439     0.46198377   0.0075022057    3        20          0.50
18           57.34      6.18580402     0.11290152   0.0026214931    3        20          0.50
19            1.00      0.00000000             NA             NA    3        20          0.50
20           41.76      0.75298589     0.56945740   0.0009452513    3        20          0.50
21           24.04      1.37587375     1.00000000   0.0000000000    3        20          0.50
22           27.00      0.00000000     0.00000000   0.0000000000    3        20          2.25
23           41.92      4.65739175     0.15989943   0.0057150379    3        20          2.25
24           42.24      1.39987171     0.47503859   0.0079615269    3        20          2.25
25           64.42     11.46384165     0.11290152   0.0026214931    3        20          2.25
26            1.00      0.00000000             NA             NA    3        20          2.25
27           42.14      0.77090458     0.56945740   0.0009452513    3        20          2.25
28           23.22      0.36732902     1.00000000   0.0000000000    3        20          2.25
29           27.06      0.03392669     0.00000000   0.0000000000    3        50          0.50
30          119.72     20.53393488     0.11265833   0.0093315421    3        50          0.50
31          103.64     11.97118172     0.01276986   0.0015660641    3        50          0.50
32           90.42     14.83652663     0.13149964   0.0020133273    3        50          0.50
33            1.00      0.00000000             NA             NA    3        50          0.50
34          118.86      1.93464863     0.56500947   0.0009904390    3        50          0.50
35           78.12      9.52498926     1.00000000   0.0000000000    3        50          0.50
36           27.34      0.09735271     0.00000000   0.0000000000    3        50          2.25
37          103.78     18.02269069     0.11547488   0.0096215905    3        50          2.25
38           97.44     11.45604412     0.01640192   0.0022874904    3        50          2.25
39           77.92     13.80064595     0.13149964   0.0020133273    3        50          2.25
40            1.00      0.00000000             NA             NA    3        50          2.25
41          115.46      1.76246812     0.56500947   0.0009904390    3        50          2.25
42           62.60      1.07968249     1.00000000   0.0000000000    3        50          2.25
