Host: erc-hpc-comp028
MODEL=RI CASE=3 MIS_TYPE=contam RHO=0.25
============================================================
Method comparison
MODEL=RI cases=3 misspec=contam rho=0.25
N=2500 p=50 R=10,20,50 Var.a=0.5,2.25
nloop=50 tau=255
Methods: ORACLE, OBS, LM, KM, GMM, CPF, BLM, CIRG
============================================================

Running case=3 R=10 Var.a=0.5
Saved: results_comparison/RI_case3_R10_vara0.5_contam_rho25.rds 

Running case=3 R=10 Var.a=2.25
Saved: results_comparison/RI_case3_R10_vara2.25_contam_rho25.rds 

Running case=3 R=20 Var.a=0.5
Saved: results_comparison/RI_case3_R20_vara0.5_contam_rho25.rds 

Running case=3 R=20 Var.a=2.25
Saved: results_comparison/RI_case3_R20_vara2.25_contam_rho25.rds 

Running case=3 R=50 Var.a=0.5
Saved: results_comparison/RI_case3_R50_vara0.5_contam_rho25.rds 

Running case=3 R=50 Var.a=2.25
Saved: results_comparison/RI_case3_R50_vara2.25_contam_rho25.rds 
There were 50 or more warnings (use warnings() to see the first 50)

Finished. Elapsed minutes: 2437.963 
Saved combined: results_comparison/RI_cases3_grid_contam_rho25.rds 

   method mis_type  rho  n convergence_rate MSPE_mean  MSPE_MCSE beta_MSE_mean beta_MSE_MCSE beta_SSE_mean beta_SSE_MCSE intercept_MSE_mean intercept_MSE_MCSE Var_a_hat_mean Var_a_hat_MCSE Var_b_hat_mean Var_b_hat_MCSE
1     BLM   contam 0.25 50                1  9.208304 0.03736902   0.004065676  1.479266e-04     0.2032838   0.007396331         0.14127217        0.027605867     0.27802894    0.019274955             NA             NA
2    CIRG   contam 0.25 50                1 10.690952 0.13376829   0.008787697  1.053584e-03     0.4393849   0.052679180         0.49950557        0.198931941     4.95035948    0.393318481             NA             NA
3     CPF   contam 0.25 50                1  9.207886 0.03736750   0.004027455  1.428453e-04     0.2013728   0.007142267         0.12289144        0.022464182     0.23127279    0.014898456             NA             NA
4      KM   contam 0.25 50                1  9.413301 0.04704343   0.004338317  1.892266e-04     0.2169158   0.009461330         0.12722355        0.022665372     0.01805048    0.005481669             NA             NA
5      LM   contam 0.25 50                1  9.417962 0.04718298   0.004373362  1.687792e-04     0.2186681   0.008438960         0.16060465        0.028873905     0.00000000    0.000000000             NA             NA
6     OBS   contam 0.25 50                1  9.207995 0.03735726   0.004028262  1.431720e-04     0.2014131   0.007158599         0.12095237        0.023123379     0.21888169    0.013839760             NA             NA
7  ORACLE   contam 0.25 50                1  9.038495 0.03206095   0.003598042  1.063728e-04     0.1799021   0.005318640         0.06157341        0.012946992     0.41545666    0.025655052             NA             NA
8     BLM   contam 0.25 50                1  9.818947 0.06858629   0.005870672  3.840812e-04     0.2935336   0.019204058         0.61387627        0.113328409     1.19973608    0.079207010             NA             NA
9    CIRG   contam 0.25 50                1 11.930020 0.19317710   0.012445885  1.159586e-03     0.6222943   0.057979305         1.12644719        0.182247154     4.76180053    0.466943534             NA             NA
10    CPF   contam 0.25 50                1  9.815906 0.06825166   0.005619203  3.419375e-04     0.2809602   0.017096877         0.48925739        0.095868424     1.03818161    0.066488480             NA             NA
11     KM   contam 0.25 50                1 10.755898 0.13334151   0.007021177  6.307228e-04     0.3510588   0.031536142         0.54187328        0.101852248     0.09967740    0.023658041             NA             NA
12     LM   contam 0.25 50                1 10.786298 0.13460819   0.007192001  5.046767e-04     0.3596001   0.025233834         0.68659971        0.127433472     0.00000000    0.000000000             NA             NA
13    OBS   contam 0.25 50                1  9.815861 0.06824910   0.005618630  3.418892e-04     0.2809315   0.017094458         0.47819885        0.095563659     1.00488359    0.060211587             NA             NA
14 ORACLE   contam 0.25 50                1  9.038697 0.03210269   0.003603753  1.058085e-04     0.1801876   0.005290425         0.22840191        0.056544480     1.88430384    0.111300692             NA             NA
15    BLM   contam 0.25 50                1  9.240489 0.03252327   0.003827980  1.149041e-04     0.1913990   0.005745206         0.04042233        0.006580936     0.39766150    0.023647639             NA             NA
16   CIRG   contam 0.25 50                1 10.612142 0.15962835   0.006524083  3.323116e-04     0.3262042   0.016615581         0.04182559        0.010195244     3.63729678    0.397875122             NA             NA
17    CPF   contam 0.25 50                1  9.239966 0.03246924   0.003816367  1.142389e-04     0.1908183   0.005711943         0.03076403        0.005027572     0.30119279    0.016518822             NA             NA
18     KM   contam 0.25 50                1  9.454307 0.03853037   0.004086064  1.356765e-04     0.2043032   0.006783826         0.03466045        0.006219918     0.04517596    0.009592519             NA             NA
19     LM   contam 0.25 50                1  9.466555 0.03855740   0.003961957  1.257961e-04     0.1980979   0.006289806         0.03554186        0.006343126     0.00000000    0.000000000             NA             NA
20    OBS   contam 0.25 50                1  9.239948 0.03251513   0.003815460  1.142753e-04     0.1907730   0.005713766         0.02858691        0.005771255     0.25666003    0.014013155             NA             NA
21 ORACLE   contam 0.25 50                1  9.048629 0.03169356   0.003639238  1.099004e-04     0.1819619   0.005495018         0.02967394        0.006564063     0.47191934    0.024975550             NA             NA
22    BLM   contam 0.25 50                1  9.930479 0.05204850   0.004529640  1.553033e-04     0.2264820   0.007765164         0.18454546        0.031271612     1.65888056    0.088994718             NA             NA
23   CIRG   contam 0.25 50                1 12.152942 0.20984331   0.007806764  4.218620e-04     0.3903382   0.021093100         0.17061340        0.032581176     4.26061749    0.481474298             NA             NA
24    CPF   contam 0.25 50                1  9.924948 0.05218541   0.004503312  1.550448e-04     0.2251656   0.007752240         0.13863007        0.026520472     1.29551552    0.070146543             NA             NA
25     KM   contam 0.25 50                1 10.941797 0.09829044   0.005754712  3.018520e-04     0.2877356   0.015092598         0.14918511        0.026747956     0.21974294    0.039036303             NA             NA
26     LM   contam 0.25 50                1 11.004883 0.10064906   0.005127516  1.996071e-04     0.2563758   0.009980355         0.15270244        0.027393855     0.00000000    0.000000000             NA             NA
27    OBS   contam 0.25 50                1  9.921043 0.05184303   0.004507717  1.557490e-04     0.2253859   0.007787450         0.11675601        0.023707653     1.15734730    0.055690452             NA             NA
28 ORACLE   contam 0.25 50                1  9.050163 0.03181024   0.003659494  1.100462e-04     0.1829747   0.005502311         0.11963559        0.026043851     2.13428657    0.103890416             NA             NA
29    BLM   contam 0.25 50                1  9.285783 0.03266146   0.003584575  9.955943e-05     0.1792287   0.004977972         0.03888963        0.008857986     0.51990894    0.017835084             NA             NA
30   CIRG   contam 0.25 50                1  9.904852 0.13616265   0.004242627  1.833912e-04     0.2121313   0.009169560         0.09489759        0.022667648     1.06070751    0.283450117             NA             NA
31    CPF   contam 0.25 50                1  9.383948 0.03229323   0.003606462  1.024976e-04     0.1803231   0.005124880         0.11967866        0.026552016     0.59545709    0.040309462             NA             NA
32     KM   contam 0.25 50                1  9.481255 0.03382492   0.003646393  1.049521e-04     0.1823197   0.005247607         0.08127076        0.019522960     0.05667386    0.017836925             NA             NA
33     LM   contam 0.25 50                1  9.496836 0.03438102   0.003627925  1.049616e-04     0.1813963   0.005248081         0.02873583        0.006021075     0.00000000    0.000000000             NA             NA
34    OBS   contam 0.25 50                1  9.278440 0.03234114   0.003578161  9.979689e-05     0.1789080   0.004989845         0.02804464        0.006177179     0.26830894    0.010400443             NA             NA
35 ORACLE   contam 0.25 50                1  9.074691 0.03166299   0.003500887  1.009009e-04     0.1750444   0.005045043         0.02253905        0.005698260     0.47106729    0.015465771             NA             NA
36    BLM   contam 0.25 50                1 10.024972 0.04300888   0.003885626  1.009801e-04     0.1942813   0.005049006         0.17188385        0.038941820     1.95393381    0.067731068             NA             NA
37   CIRG   contam 0.25 50                1 11.390213 0.13996263   0.005009187  2.406068e-04     0.2504593   0.012030338         0.43479655        0.081429089     1.48285717    0.341834907             NA             NA
38    CPF   contam 0.25 50                1 10.445412 0.05292951   0.004042696  1.136367e-04     0.2021348   0.005681837         0.34323304        0.078924274     2.47763860    0.112924775             NA             NA
39     KM   contam 0.25 50                1 11.032779 0.07379775   0.004440053  1.351063e-04     0.2220026   0.006755315         0.59339912        0.095133124     0.47574226    0.082010363             NA             NA
40     LM   contam 0.25 50                1 11.129860 0.07591941   0.004233852  1.226915e-04     0.2116926   0.006134575         0.12451678        0.025247706     0.00000000    0.000000000             NA             NA
41    OBS   contam 0.25 50                1 10.013370 0.04310609   0.003883317  1.010372e-04     0.1941659   0.005051860         0.11409542        0.022853218     1.20089072    0.037139818             NA             NA
42 ORACLE   contam 0.25 50                1  9.080697 0.03173789   0.003524954  1.009212e-04     0.1762477   0.005046062         0.07379121        0.018763569     2.11976370    0.064364587             NA             NA
   Var_e_hat_mean Var_e_hat_MCSE Var_a_MSE_mean Var_a_MSE_MCSE Var_b_MSE_mean Var_b_MSE_MCSE Var_e_MSE_mean Var_e_MSE_MCSE G_MSE_mean G_MSE_MCSE selected_K_mean selected_K_MCSE runtime_mean runtime_MCSE iterations_mean
1        9.122470     0.01982643     0.06747582    0.006853442             NA             NA     0.03426023    0.006611149         NA         NA            5.98      0.02000000      0.08710 3.406147e-03            6.12
2        4.632558     0.38009297    27.38597147    2.410652251             NA             NA    26.15361322    2.301300831         NA         NA            5.74      0.46406368    205.80736 4.129818e+01            5.76
3        9.124796     0.01983340     0.08309055    0.007202025             NA             NA     0.03484877    0.006702286         NA         NA            9.14      0.12780725      0.34412 1.384591e-02            6.74
4        9.322910     0.03005245     0.23374772    0.004609514             NA             NA     0.14852499    0.024310977         NA         NA            2.00      0.00000000    280.71756 5.685656e+00           27.30
5        9.328687     0.03045367     0.25000000    0.000000000             NA             NA     0.15347870    0.024970467         NA         NA            1.00      0.00000000      0.01170 5.607939e-04            1.00
6        9.125793     0.01981602     0.08841291    0.007162792             NA             NA     0.03506503    0.006732095         NA         NA           10.00      0.00000000      0.06794 2.062376e-03            6.92
7        8.950567     0.01650672     0.03939848    0.005848267             NA             NA     0.01579472    0.002482497         NA         NA           10.00      0.00000000      0.05740 1.433990e-03            5.80
8        9.737542     0.05671976     1.41046807    0.140780459             NA             NA     0.70160777    0.099627577         NA         NA            6.00      0.00000000      0.05890 1.597000e-03            4.50
9        6.221198     0.49551930    16.99291882    1.888138687             NA             NA    19.75316816    2.106415633         NA         NA            5.32      0.49275568    190.86636 3.848892e+01            5.84
10       9.736716     0.05656775     1.68511899    0.146954461             NA             NA     0.69954588    0.099403368         NA         NA            9.44      0.11485572      0.30192 1.168885e-02            4.70
11      10.647200     0.11939760     4.65131272    0.090984787             NA             NA     3.41180239    0.475343508         NA         NA            2.00      0.00000000    244.06278 4.352832e+00           21.66
12      10.677290     0.12181885     5.06250000    0.000000000             NA             NA     3.54045201    0.494708679         NA         NA            1.00      0.00000000      0.01188 1.857723e-03            1.00
13       9.737409     0.05658783     1.72796121    0.140196193             NA             NA     0.70067863    0.099569567         NA         NA           10.00      0.00000000      0.04168 6.930795e-04            4.78
14       8.950550     0.01649947     0.74073804    0.107575911             NA             NA     0.01578470    0.002481653         NA         NA           10.00      0.00000000      0.04254 1.573819e-03            4.74
15       9.133889     0.01816949     0.03787450    0.006882309             NA             NA     0.03410253    0.005791400         NA         NA            7.00      0.00000000      0.06316 1.144770e-03            6.04
16       5.968285     0.38173452    17.59955713    2.206304731             NA             NA    16.33163415    2.066205437         NA         NA            6.48      0.63261040    145.24510 2.501778e+01            6.90
17       9.140046     0.01821069     0.05289501    0.005701804             NA             NA     0.03586260    0.006031720         NA         NA           13.96      0.23027933      0.36470 6.354510e-03            7.02
18       9.381047     0.02526843     0.21137371    0.007589193             NA             NA     0.17648287    0.019851574         NA         NA            2.00      0.00000000    290.38938 6.307062e+00           18.50
19       9.393647     0.02589140     0.25000000    0.000000000             NA             NA     0.18780604    0.020927054         NA         NA            1.00      0.00000000      0.01022 1.400959e-03            1.00
20       9.146488     0.01818737     0.06883640    0.005799743             NA             NA     0.03766708    0.006226003         NA         NA           20.00      0.00000000      0.06190 1.637382e-03            8.30
21       8.947952     0.01641800     0.03135365    0.007107562             NA             NA     0.01591697    0.002468384         NA         NA           20.00      0.00000000      0.05058 9.938957e-04            6.74
22       9.821494     0.04470708     0.73750512    0.108651118             NA             NA     0.77279019    0.080980206         NA         NA            6.98      0.02000000      0.05146 6.162494e-04            4.60
23       6.918792     0.45079192    15.40164016    1.728402654             NA             NA    14.28888301    1.630189422         NA         NA            6.86      0.70451025    133.94616 1.561363e+01            5.90
24       9.822257     0.04431511     1.15214695    0.107537868             NA             NA     0.77233341    0.080055682         NA         NA           14.84      0.22197628      0.39780 7.557723e-03            4.82
25      10.872131     0.09095956     4.19661156    0.139761572             NA             NA     3.91028162    0.375710781         NA         NA            2.00      0.00000000    280.42834 6.189716e+00           13.18
26      10.930466     0.09379926     5.06250000    0.000000000             NA             NA     4.15781494    0.394916407         NA         NA            1.00      0.00000000      0.00974 1.418482e-03            1.00
27       9.825643     0.04425575     1.34585982    0.102169389             NA             NA     0.77765648    0.080343090         NA         NA           20.00      0.00000000      0.03794 5.989174e-04            5.04
28       8.947620     0.01642909     0.54225731    0.138901544             NA             NA     0.01596955    0.002483667         NA         NA           20.00      0.00000000      0.04134 1.437291e-03            5.26
29       9.107092     0.01917396     0.01598279    0.004180509             NA             NA     0.02948305    0.005614261         NA         NA            9.98      0.02000000      0.08610 3.482932e-03            6.86
30       8.485186     0.26603548     4.25124738    1.268158294             NA             NA     3.73300225    1.157724284         NA         NA            5.52      0.74627784    190.86922 3.761593e+01           19.16
31       9.261138     0.02021496     0.08872984    0.027130296             NA             NA     0.08821676    0.011812583         NA         NA            5.36      0.28679794      0.99806 4.599215e-02            5.84
32       9.396822     0.02344880     0.21212770    0.009078537             NA             NA     0.18440983    0.021145634         NA         NA            3.86      0.04956958    415.25940 1.179395e+01           17.66
33       9.414153     0.02415321     0.25000000    0.000000000             NA             NA     0.20010860    0.022793205         NA         NA            1.00      0.00000000      0.01264 1.971172e-03            1.00
34       9.151981     0.01931723     0.05898104    0.004437375             NA             NA     0.04138289    0.007117737         NA         NA           50.00      0.00000000      0.09774 3.244941e-03           12.54
35       8.952495     0.01675116     0.01255741    0.002351582             NA             NA     0.01600620    0.002590261         NA         NA           50.00      0.00000000      0.07416 2.524227e-03            9.26
36       9.821685     0.03763428     0.31244257    0.051333512             NA             NA     0.74456677    0.068999343         NA         NA            9.98      0.02000000      0.06440 2.074136e-03            5.10
37       9.925063     0.29616120     6.31421220    1.130665525             NA             NA     5.15360274    0.660191355         NA         NA            5.20      0.64586597    133.05516 2.155974e+01           10.40
38      10.295939     0.04635914     0.67666757    0.177390700             NA             NA     1.78476801    0.131648178         NA         NA            7.02      0.31492143      0.96054 2.036205e-02            4.90
39      10.937569     0.06947209     3.47754982    0.212682530             NA             NA     3.99066520    0.285629115         NA         NA            3.86      0.04956958    410.15482 1.183354e+01           13.38
40      11.033225     0.07211135     5.06250000    0.000000000             NA             NA     4.38880815    0.311251061         NA         NA            1.00      0.00000000      0.00804 2.248991e-04            1.00
41       9.862307     0.03767686     1.16821923    0.073668233             NA             NA     0.81313157    0.072020095         NA         NA           50.00      0.00000000      0.05124 1.039843e-03            6.44
42       8.952238     0.01672656     0.21995869    0.042300387             NA             NA     0.01599028    0.002594008         NA         NA           50.00      0.00000000      0.04978 8.676922e-04            6.28
   iterations_MCSE group_ARI_mean group_ARI_MCSE case R_setting Var_a_setting
1       0.17294567     0.39486928   0.0067677626    3        10          0.50
2       0.68067194     0.12831743   0.0054495428    3        10          0.50
3       0.20164629     0.54327085   0.0060398863    3        10          0.50
4       3.45362867     0.16449606   0.0058901660    3        10          0.50
5       0.00000000             NA             NA    3        10          0.50
6       0.20768894     0.57474755   0.0015870192    3        10          0.50
7       0.12121831     1.00000000   0.0000000000    3        10          0.50
8       0.09583148     0.40094891   0.0059846002    3        10          2.25
9       0.76203808     0.13837064   0.0061609812    3        10          2.25
10      0.10785478     0.55390378   0.0059660296    3        10          2.25
11      3.05335012     0.16449606   0.0058901660    3        10          2.25
12      0.00000000             NA             NA    3        10          2.25
13      0.09600170     0.57474755   0.0015870192    3        10          2.25
14      0.07455993     1.00000000   0.0000000000    3        10          2.25
15      0.14274281     0.26405475   0.0045024306    3        20          0.50
16      0.90677720     0.15406117   0.0060157448    3        20          0.50
17      0.14425035     0.45161248   0.0077582806    3        20          0.50
18      1.64136578     0.11290152   0.0026214931    3        20          0.50
19      0.00000000             NA             NA    3        20          0.50
20      0.20652618     0.56945740   0.0009452513    3        20          0.50
21      0.14515298     1.00000000   0.0000000000    3        20          0.50
22      0.09035079     0.26778931   0.0044418112    3        20          2.25
23      0.47401886     0.15326771   0.0054024073    3        20          2.25
24      0.08422516     0.47319596   0.0084694112    3        20          2.25
25      1.39406614     0.11290152   0.0026214931    3        20          2.25
26      0.00000000             NA             NA    3        20          2.25
27      0.09016991     0.56945740   0.0009452513    3        20          2.25
28      0.08480470     1.00000000   0.0000000000    3        20          2.25
29      0.22679668     0.17611906   0.0029390428    3        50          0.50
30      2.71899741     0.11093637   0.0090169505    3        50          0.50
31      0.11904381     0.01851489   0.0022331194    3        50          0.50
32      1.41092241     0.13149964   0.0020133273    3        50          0.50
33      0.00000000             NA             NA    3        50          0.50
34      0.30400054     0.56500947   0.0009904390    3        50          0.50
35      0.18694100     1.00000000   0.0000000000    3        50          0.50
36      0.11866606     0.18111623   0.0025422040    3        50          2.25
37      0.94285714     0.11353370   0.0095415437    3        50          2.25
38      0.06546537     0.02760037   0.0033959130    3        50          2.25
39      1.44586391     0.13149964   0.0020133273    3        50          2.25
40      0.00000000             NA             NA    3        50          2.25
41      0.09107073     0.56500947   0.0009904390    3        50          2.25
42      0.06414270     1.00000000   0.0000000000    3        50          2.25
