Host: erc-hpc-comp185
MODEL=RS CASE=16 R_LIST=10 VAR_A_LIST=0.5,2.25
LABEL_POLICY=unknown MIS_TYPE=none RHO=0 LAMBDA=0 CIRG_CRITERION=IMSPE
NLOOP=20 SA_MAX=25 EM_MAX=300 K_GRID_POINTS=8 N_CORES=8
============================================================
Method comparison
MODEL=RS cases=16 label_policy=unknown misspec=none rho=0
N=2500 p=50 R=10 Var.a=0.5,2.25
nloop=20 tau=255 lambda=0 CIRG_CRITERION=IMSPE
Budgets: SA_MAX=25 EM_MAX=300 K_GRID_POINTS=8 KMEANS_NUM_INIT=1 KMEANS_MAX_ITERS=25 CPF_LAMBDA_POINTS=6 CPF_MAX_ITER=300 BLM_NSTART=5 N_CORES=8
Methods: LM, KM, OBS, CPF, BLM, CIRG
============================================================

Running case=16 R=10 Var.a=0.5
Saved: results_comparison/RS_case16_R10_vara0.5_varb0.1_lambda0_none.rds 

Running case=16 R=10 Var.a=2.25
Saved: results_comparison/RS_case16_R10_vara2.25_varb0.1_lambda0_none.rds 

Finished. Elapsed minutes: 8.509517 
Saved combined: results_comparison/RS_cases16_R10_vara0.50-2.25_varb0.1_grid_lambda0_none.rds 

   method mis_type rho  n convergence_rate MSPE_mean MSPE_MCSE beta_MSE_mean beta_MSE_MCSE beta_SSE_mean beta_SSE_MCSE intercept_MSE_mean intercept_MSE_MCSE Var_a_hat_mean Var_a_hat_MCSE Var_b_hat_mean Var_b_hat_MCSE
1     BLM     none  NA 20                1  19.90310 0.1631524    0.02224715  0.0004173012     1.1123576    0.02086506        0.044954032       0.0037834502   6.599640e-05   2.418648e-07   0.0001086237   3.922586e-07
2    CIRG     none  NA 20                1  15.20582 0.1231081    0.02046517  0.0008234361     1.0232585    0.04117181        0.208440580       0.0243715792   4.734032e-02   8.902348e-03   0.0335419762   9.690929e-04
3     CPF     none  NA 20                1  19.90675 0.1633694    0.02225884  0.0004175298     1.1129419    0.02087649        0.044933568       0.0039659131   3.010543e-03   8.303620e-04   0.0010646657   7.397839e-05
4      KM     none  NA 20                1  15.14384 0.1253942    0.01873445  0.0004167618     0.9367226    0.02083809        0.192364094       0.0214822484   4.724384e-02   9.037814e-03   0.0324453490   9.814731e-04
5      LM     none  NA 20                1  19.90310 0.1631524    0.02224715  0.0004173012     1.1123576    0.02086506        0.044954032       0.0037834502   0.000000e+00   0.000000e+00             NA             NA
6     OBS     none  NA 20                1  19.90542 0.1634789    0.02225714  0.0004200983     1.1128568    0.02100492        0.044833123       0.0037866847   1.884135e-03   6.236169e-04   0.0013786750   6.669091e-05
7     BLM     none  NA 20                1  22.76378 0.1873247    0.02445213  0.0004263587     1.2226063    0.02131794        0.001943956       0.0006972161   7.002629e-05   2.561118e-07   0.0001152566   4.168279e-07
8    CIRG     none  NA 20                1  17.18575 0.1387083    0.02279822  0.0006101752     1.1399110    0.03050876        0.770442722       0.0470134525   1.328756e-01   1.592973e-02   0.0429557878   1.149439e-03
9     CPF     none  NA 20                1  22.76800 0.1872047    0.02445509  0.0004257467     1.2227544    0.02128734        0.001974916       0.0007109886   2.785336e-03   7.698815e-04   0.0010834021   6.149778e-05
10     KM     none  NA 20                1  16.96706 0.1424697    0.02221396  0.0004415299     1.1106981    0.02207650        0.753328946       0.0397416146   1.415433e-01   1.462136e-02   0.0425914835   1.178888e-03
11     LM     none  NA 20                1  22.76378 0.1873247    0.02445213  0.0004263587     1.2226063    0.02131794        0.001943956       0.0006972161   0.000000e+00   0.000000e+00             NA             NA
12    OBS     none  NA 20                1  22.76703 0.1875985    0.02446056  0.0004297103     1.2230278    0.02148551        0.001956743       0.0007014953   2.021036e-03   6.444991e-04   0.0014423622   6.321160e-05
   Var_e_hat_mean Var_e_hat_MCSE Var_a_MSE_mean Var_a_MSE_MCSE Var_b_MSE_mean Var_b_MSE_MCSE Var_e_MSE_mean Var_e_MSE_MCSE   G_MSE_mean   G_MSE_MCSE selected_K_mean selected_K_MCSE runtime_mean runtime_MCSE
1        11.90152     0.04494558      0.2499340   2.418329e-07    0.009978287   7.836666e-08       8.457199      0.2594168 0.0002879079 1.597698e-09            1.00       0.0000000      0.34260  0.004244129
2        10.83883     0.04926040      0.2064066   7.567533e-03    0.004434513   1.292926e-04       3.427405      0.1785721 0.0001646029 3.823289e-06            2.70       0.2910959     22.36685  3.672996451
3        11.87378     0.04580741      0.2470116   8.213728e-04    0.009788304   1.463598e-05       8.298476      0.2616459 0.0002831322 4.781085e-07            7.75       0.2980198      1.55660  0.072014706
4        10.89344     0.04729392      0.2065401   7.698967e-03    0.004581933   1.328305e-04       3.627597      0.1749999 0.0001674882 4.193935e-06            2.00       0.0000000     58.52555  4.209281593
5        11.89837     0.04493370      0.2500000   0.000000e+00             NA             NA       8.438917      0.2590657           NA           NA            1.00       0.0000000      0.02165  0.001755105
6        11.86549     0.04545944      0.2481268   6.180279e-04    0.009726250   1.314251e-05       8.250302      0.2588980 0.0002823681 3.562270e-07           10.00       0.0000000      2.37685  0.181592825
7        12.62824     0.04741926      5.0621849   1.152467e-06    0.009976962   8.326971e-08      13.206846      0.3417772 0.0021380365 2.036850e-09            1.00       0.0000000      0.31460  0.002581717
8        11.29760     0.05126582      4.4870373   6.648793e-02    0.003279145   1.307804e-04       5.328915      0.2319332 0.0017881563 2.584717e-05            2.70       0.2910959     18.60920  2.836894328
9        12.60033     0.04744595      5.0499850   3.456952e-03    0.009784565   1.216311e-05      13.005171      0.3392103 0.0021296475 1.488144e-06            7.65       0.2541757      1.53915  0.070482632
10       11.35807     0.05005605      4.4496516   6.056308e-02    0.003322144   1.353799e-04       5.608114      0.2311023 0.0017746093 2.375352e-05            2.00       0.0000000     58.77990  4.181585959
11       12.62490     0.04740673      5.0625000   0.000000e+00             NA             NA      13.182591      0.3413707           NA           NA            1.00       0.0000000      0.02925  0.002518223
12       12.59048     0.04792968      5.0534173   2.895047e-03    0.009713684   1.245100e-05      12.935179      0.3415107 0.0021296046 1.166780e-06           10.00       0.0000000      2.41830  0.192037895
   iterations_mean iterations_MCSE group_ARI_mean group_ARI_MCSE objective_mean objective_MCSE I_optimal_mean I_optimal_MCSE IMSPE_selected_mean IMSPE_selected_MCSE case R_setting Var_a_setting
1            26.00       0.0000000   0.000000e+00   0.0000000000             NA             NA             NA             NA                  NA                  NA   16        10          0.50
2            22.00       6.0056990   9.741229e-02   0.0035496995      -11.03092     0.04656426      0.5091065     0.03010600            11.03092          0.04656426   16        10          0.50
3           118.60       5.6607606  -4.639637e-04   0.0004212868             NA             NA             NA             NA                  NA                  NA   16        10          0.50
4            18.05       4.0042576   8.629424e-02   0.0014056527             NA             NA             NA             NA                  NA                  NA   16        10          0.50
5             1.00       0.0000000             NA             NA             NA             NA             NA             NA                  NA                  NA   16        10          0.50
6           142.10       4.7066023  -5.380282e-05   0.0001091329             NA             NA             NA             NA                  NA                  NA   16        10          0.50
7            26.00       0.0000000   0.000000e+00   0.0000000000             NA             NA             NA             NA                  NA                  NA   16        10          2.25
8            15.40       6.2045823   9.741229e-02   0.0035496995      -11.50242     0.04890804      0.6706996     0.04366156            11.50242          0.04890804   16        10          2.25
9           118.65       5.3223832   3.763123e-04   0.0004809621             NA             NA             NA             NA                  NA                  NA   16        10          2.25
10            8.60       0.1685854   8.629424e-02   0.0014056527             NA             NA             NA             NA                  NA                  NA   16        10          2.25
11            1.00       0.0000000             NA             NA             NA             NA             NA             NA                  NA                  NA   16        10          2.25
12          143.70       4.4081862  -5.380282e-05   0.0001091329             NA             NA             NA             NA                  NA                  NA   16        10          2.25
