Host: erc-hpc-comp025
MODEL=RS CASE=6 R_LIST=50 VAR_A_LIST=0.5,2.25
LABEL_POLICY=unknown MIS_TYPE=none RHO=0 LAMBDA=0 CIRG_CRITERION=IMSPE
NLOOP=20 SA_MAX=25 EM_MAX=300 K_GRID_POINTS=8 N_CORES=8
============================================================
Method comparison
MODEL=RS cases=6 label_policy=unknown misspec=none rho=0
N=2500 p=50 R=50 Var.a=0.5,2.25
nloop=20 tau=255 lambda=0 CIRG_CRITERION=IMSPE
Budgets: SA_MAX=25 EM_MAX=300 K_GRID_POINTS=8 KMEANS_NUM_INIT=1 KMEANS_MAX_ITERS=25 CPF_LAMBDA_POINTS=6 CPF_MAX_ITER=300 BLM_NSTART=5 N_CORES=8
Methods: LM, KM, OBS, CPF, BLM, CIRG
============================================================

Running case=6 R=50 Var.a=0.5
Saved: results_comparison/RS_case6_R50_vara0.5_varb0.1_lambda0_none.rds 

Running case=6 R=50 Var.a=2.25
Saved: results_comparison/RS_case6_R50_vara2.25_varb0.1_lambda0_none.rds 

Finished. Elapsed minutes: 17.84548 
Saved combined: results_comparison/RS_cases6_R50_vara0.50-2.25_varb0.1_grid_lambda0_none.rds 

   method mis_type rho  n convergence_rate MSPE_mean MSPE_MCSE beta_MSE_mean beta_MSE_MCSE beta_SSE_mean beta_SSE_MCSE intercept_MSE_mean intercept_MSE_MCSE Var_a_hat_mean Var_a_hat_MCSE Var_b_hat_mean Var_b_hat_MCSE
1     BLM     none  NA 20             1.00  16.70318 0.3605625    0.01079871  0.0005908168     0.5399354    0.02954084          0.4859698          0.1086050   2.678559e-04   2.152949e-06   8.767002e-05   1.058071e-06
2    CIRG     none  NA 20             0.30  16.70415 0.3605179    0.01087223  0.0006078689     0.5436116    0.03039344          0.4753808          0.1058739   1.538788e-04   5.034243e-05   8.847652e-05   3.656608e-05
3     CPF     none  NA 20             0.05  16.72524 0.3618656    0.01079456  0.0005960616     0.5397280    0.02980308          0.5573475          0.1115788   1.591389e-01   2.430446e-02   3.041261e-04   8.269685e-05
4      KM     none  NA 20             0.40  16.70358 0.3605132    0.01079849  0.0005943335     0.5399247    0.02971668          0.4882108          0.1093534   8.361787e-05   2.232791e-05   3.489646e-05   3.441830e-06
5      LM     none  NA 20             1.00  16.70318 0.3605625    0.01079871  0.0005908168     0.5399354    0.02954084          0.4859698          0.1086050   0.000000e+00   0.000000e+00             NA             NA
6     OBS     none  NA 20             0.00  16.72504 0.3596863    0.01081443  0.0006004043     0.5407213    0.03002021          0.4707243          0.1057942   2.192517e-03   8.137600e-05   1.724656e-03   6.624332e-05
7     BLM     none  NA 20             1.00  18.47923 0.4110363    0.01174347  0.0006689286     0.5871734    0.03344643          0.5601895          0.1298389   2.772042e-04   2.164937e-06   9.256442e-05   1.151287e-06
8    CIRG     none  NA 20             0.35  18.47971 0.4109407    0.01181584  0.0006836848     0.5907918    0.03418424          0.5473100          0.1263610   1.841487e-04   6.291361e-05   8.880801e-05   3.665007e-05
9     CPF     none  NA 20             0.00  18.50889 0.4117320    0.01171958  0.0006746078     0.5859792    0.03373039          0.6383344          0.1328263   1.949659e-01   2.623442e-02   2.600432e-04   4.825318e-05
10     KM     none  NA 20             0.40  18.47961 0.4110378    0.01174866  0.0006739771     0.5874329    0.03369886          0.5621852          0.1345474   1.208305e-04   4.403246e-05   3.947715e-05   4.668325e-06
11     LM     none  NA 20             1.00  18.47923 0.4110363    0.01174347  0.0006689286     0.5871734    0.03344643          0.5601895          0.1298389   0.000000e+00   0.000000e+00             NA             NA
12    OBS     none  NA 20             0.00  18.50276 0.4096634    0.01175488  0.0006787909     0.5877440    0.03393955          0.5423691          0.1268370   2.421733e-03   1.011865e-04   1.899025e-03   8.092726e-05
   Var_e_hat_mean Var_e_hat_MCSE Var_a_MSE_mean Var_a_MSE_MCSE Var_b_MSE_mean Var_b_MSE_MCSE Var_e_MSE_mean Var_e_MSE_MCSE   G_MSE_mean   G_MSE_MCSE selected_K_mean selected_K_MCSE runtime_mean runtime_MCSE
1        16.47348      0.3576741      0.2497322   2.151793e-06    0.009982474   2.114271e-07       58.28364       5.668749 0.0002879108 4.883357e-09             1.0       0.0000000      0.57660 0.0060729772
2        16.46938      0.3577284      0.2498462   5.029954e-05    0.009982338   7.287373e-06       58.22306       5.667464 0.0002879520 1.582461e-07             2.9       0.5753717     86.89295 6.2078533609
3        16.43612      0.3544306      0.1274097   1.381201e-02    0.009939397   1.639056e-05       57.68263       5.584943 0.0002400537 5.144179e-06             5.3       0.4478016      3.25260 0.0579504507
4        16.47137      0.3575684      0.2499164   2.231858e-05    0.009993022   6.880318e-07       58.25055       5.665291 0.0002881844 2.124121e-08             2.0       0.0000000     71.05295 4.9133028930
5        16.47071      0.3576301      0.2500000   0.000000e+00             NA             NA       58.24166       5.666043           NA           NA             1.0       0.0000000      0.01110 0.0001235442
6        16.42553      0.3564782      0.2478124   8.096926e-05    0.009658127   1.298993e-05       57.55296       5.613211 0.0002809376 2.799022e-07            50.0       0.0000000      6.17815 0.0213980170
7        18.22570      0.4249368      5.0612527   9.741015e-06    0.009981496   2.300431e-07       88.54440       8.036334 0.0021377653 8.143138e-09             1.0       0.0000000      0.59250 0.0052458003
8        18.22150      0.4251686      5.0616714   2.830553e-04    0.009982272   7.303802e-06       88.47058       8.036685 0.0021379412 2.362962e-07             2.8       0.5739980     86.42740 6.2586267366
9        18.18285      0.4213498      4.2362419   1.048166e-01    0.009948103   9.602352e-06       87.69795       7.925398 0.0018199335 4.024786e-05             4.9       0.3471690      3.29790 0.0320912269
10       18.22332      0.4248041      5.0619563   1.981121e-04    0.009992107   9.331113e-07       88.49826       8.031384 0.0021382398 9.324254e-08             2.0       0.0000000     71.00565 4.9251524151
11       18.22272      0.4248869      5.0625000   0.000000e+00             NA             NA       88.48861       8.032842           NA           NA             1.0       0.0000000      0.01155 0.0001352386
12       18.17306      0.4229183      5.0516083   4.547720e-04    0.009623926   1.583167e-05       87.54337       7.943636 0.0021271836 4.762495e-07            50.0       0.0000000      6.13905 0.0173292383
   iterations_mean iterations_MCSE group_ARI_mean group_ARI_MCSE objective_mean objective_MCSE I_optimal_mean I_optimal_MCSE IMSPE_selected_mean IMSPE_selected_MCSE case R_setting Var_a_setting
1            57.40       0.3933660   0.000000e+00   0.000000e+00             NA             NA             NA             NA                  NA                  NA    6        50          0.50
2           276.55       9.5989240   1.203573e-04   9.613763e-05      -16.58482      0.3601701      0.1160836    0.002607669            16.58482           0.3601701    6        50          0.50
3           294.15       5.8500000  -3.840577e-05   8.220654e-05             NA             NA             NA             NA                  NA                  NA    6        50          0.50
4           270.25       9.9471961   7.809361e-05   6.954932e-05             NA             NA             NA             NA                  NA                  NA    6        50          0.50
5             1.00       0.0000000             NA             NA             NA             NA             NA             NA                  NA                  NA    6        50          0.50
6           300.00       0.0000000  -1.043958e-04   1.635189e-04             NA             NA             NA             NA                  NA                  NA    6        50          0.50
7            59.30       0.4650976   0.000000e+00   0.000000e+00             NA             NA             NA             NA                  NA                  NA    6        50          2.25
8           276.45       9.4318818   1.592318e-04   8.760188e-05      -18.34896      0.4279219      0.1282621    0.003022598            18.34896           0.4279219    6        50          2.25
9           300.00       0.0000000   4.196602e-05   8.061905e-05             NA             NA             NA             NA                  NA                  NA    6        50          2.25
10          272.75       9.6684171   7.809361e-05   6.954932e-05             NA             NA             NA             NA                  NA                  NA    6        50          2.25
11            1.00       0.0000000             NA             NA             NA             NA             NA             NA                  NA                  NA    6        50          2.25
12          300.00       0.0000000  -1.043958e-04   1.635189e-04             NA             NA             NA             NA                  NA                  NA    6        50          2.25
