Host: erc-hpc-comp028
MODEL=RI CASE=8 R_LIST=50 VAR_A_LIST=0.5,2.25
LABEL_POLICY=unknown MIS_TYPE=none RHO=0 LAMBDA=0 CIRG_CRITERION=IMSPE
NLOOP=20 SA_MAX=25 EM_MAX=300 K_GRID_POINTS=8 N_CORES=8
============================================================
Method comparison
MODEL=RI cases=8 label_policy=unknown misspec=none rho=0
N=2500 p=50 R=50 Var.a=0.5,2.25
nloop=20 tau=255 lambda=0 CIRG_CRITERION=IMSPE
Budgets: SA_MAX=25 EM_MAX=300 K_GRID_POINTS=8 KMEANS_NUM_INIT=1 KMEANS_MAX_ITERS=25 CPF_LAMBDA_POINTS=6 CPF_MAX_ITER=300 BLM_NSTART=5 N_CORES=8
Methods: LM, KM, OBS, CPF, BLM, CIRG
============================================================

Running case=8 R=50 Var.a=0.5
Saved: results_comparison/RI_case8_R50_vara0.5_lambda0_none.rds 

Running case=8 R=50 Var.a=2.25
Saved: results_comparison/RI_case8_R50_vara2.25_lambda0_none.rds 

Finished. Elapsed minutes: 6.976667 
Saved combined: results_comparison/RI_cases8_R50_vara0.50-2.25_grid_lambda0_none.rds 

   method mis_type rho  n convergence_rate MSPE_mean  MSPE_MCSE beta_MSE_mean beta_MSE_MCSE beta_SSE_mean beta_SSE_MCSE intercept_MSE_mean intercept_MSE_MCSE Var_a_hat_mean Var_a_hat_MCSE Var_b_hat_mean Var_b_hat_MCSE
1     BLM     none  NA 20                1  9.520193 0.05189929   0.002062294  0.0001111142     0.1031147   0.005555709         0.02073110        0.006503229   0.0638014336   0.0044734694             NA             NA
2    CIRG     none  NA 20                1  9.474737 0.05164710   0.002039277  0.0001112620     0.1019639   0.005563102         0.01582157        0.005052446   0.0003151046   0.0001490438             NA             NA
3     CPF     none  NA 20                1  9.490962 0.05206389   0.002043595  0.0001096763     0.1021798   0.005483817         0.05828355        0.019548973   0.1190358177   0.0126085999             NA             NA
4      KM     none  NA 20                1  9.474676 0.05161573   0.002039295  0.0001112622     0.1019647   0.005563110         0.01582042        0.005052471   0.0003128742   0.0001491408             NA             NA
5      LM     none  NA 20                1  9.478410 0.05130377   0.002040008  0.0001111631     0.1020004   0.005558157         0.01581921        0.005052067   0.0000000000   0.0000000000             NA             NA
6     OBS     none  NA 20                1  9.479079 0.05118442   0.002041566  0.0001109585     0.1020783   0.005547926         0.01581918        0.005051307   0.0071208030   0.0016506689             NA             NA
7     BLM     none  NA 20                1 11.094534 0.11150740   0.002391006  0.0001292710     0.1195503   0.006463552         0.07839048        0.024538202   0.0748571082   0.0049632212             NA             NA
8    CIRG     none  NA 20                1 11.038754 0.11024939   0.002364049  0.0001307011     0.1182025   0.006535057         0.06905427        0.023449971   0.0008090915   0.0006272437             NA             NA
9     CPF     none  NA 20                1 11.070562 0.11133732   0.002368196  0.0001294261     0.1184098   0.006471307         0.15252249        0.054219616   0.1368550409   0.0112964745             NA             NA
10     KM     none  NA 20                1 11.038750 0.11024391   0.002364062  0.0001307008     0.1182031   0.006535038         0.06905283        0.023450026   0.0008055861   0.0006274204             NA             NA
11     LM     none  NA 20                1 11.045534 0.10917340   0.002363919  0.0001307207     0.1181960   0.006536037         0.06905381        0.023448894   0.0000000000   0.0000000000             NA             NA
12    OBS     none  NA 20                1 11.046384 0.10921434   0.002365774  0.0001303255     0.1182887   0.006516277         0.06905354        0.023447557   0.0077815358   0.0017225703             NA             NA
   Var_e_hat_mean Var_e_hat_MCSE Var_a_MSE_mean Var_a_MSE_MCSE Var_b_MSE_mean Var_b_MSE_MCSE Var_e_MSE_mean Var_e_MSE_MCSE G_MSE_mean G_MSE_MCSE selected_K_mean selected_K_MCSE runtime_mean runtime_MCSE iterations_mean
1        9.303126     0.02919958      0.1906494   0.0038850168             NA             NA      0.1080853     0.01950986         NA         NA            9.80      0.09176629      0.12120 0.0069738610           11.30
2        9.352427     0.03057986      0.2496854   0.0001485516             NA             NA      0.1419724     0.02324157         NA         NA            2.10      0.10000000     17.41080 1.3486808498           20.25
3        9.333160     0.02996565      0.1481543   0.0090780130             NA             NA      0.1280565     0.02158794         NA         NA            4.70      0.33324560      0.40700 0.0202388371           14.95
4        9.352422     0.03057817      0.2496876   0.0001486485             NA             NA      0.1419669     0.02323962         NA         NA            2.00      0.00000000     44.96990 2.5232142887           20.00
5        9.352413     0.03057857      0.2500000   0.0000000000             NA             NA      0.1419610     0.02322825         NA         NA            1.00      0.00000000      0.01045 0.0005451943            1.00
6        9.345706     0.03020313      0.2429817   0.0016112779             NA             NA      0.1368447     0.02257930         NA         NA           50.00      0.00000000      1.37385 0.1027299545          142.90
7       10.833516     0.10481672      4.7317146   0.0215550072             NA             NA      3.5705244     0.40097880         NA         NA            9.65      0.10942433      0.12925 0.0089627519           11.40
8       10.890710     0.10667566      5.0588672   0.0028145014             NA             NA      3.7909973     0.41971314         NA         NA            2.10      0.10000000     17.56415 1.3795023250           20.40
9       10.864172     0.10565293      4.4678062   0.0476028919             NA             NA      3.6872273     0.41084079         NA         NA            4.40      0.30262014      0.42145 0.0178756634           13.60
10      10.890705     0.10667438      5.0588830   0.0028152961             NA             NA      3.7909750     0.41970679         NA         NA            2.00      0.00000000     45.30275 2.5356227501           20.10
11      10.890890     0.10662706      5.0625000   0.0000000000             NA             NA      3.7914818     0.41951465         NA         NA            1.00      0.00000000      0.00870 0.0005236511            1.00
12      10.883542     0.10619048      5.0276000   0.0077082820             NA             NA      3.7619811     0.41659985         NA         NA           50.00      0.00000000      1.26390 0.1019314501          155.95
   iterations_MCSE group_ARI_mean group_ARI_MCSE objective_mean objective_MCSE I_optimal_mean I_optimal_MCSE IMSPE_selected_mean IMSPE_selected_MCSE case R_setting Var_a_setting
1        0.4358899   3.417369e-05   1.419706e-04             NA             NA             NA             NA                  NA                  NA    8        50          0.50
2        1.5006578  -1.504210e-05   3.769469e-05      -9.465862       0.030910      0.1141663   0.0007423036            9.465862            0.030910    8        50          0.50
3        1.0845203   3.619812e-05   7.300909e-05             NA             NA             NA             NA                  NA                  NA    8        50          0.50
4        1.4885528  -4.584537e-06   2.600575e-05             NA             NA             NA             NA                  NA                  NA    8        50          0.50
5        0.0000000             NA             NA             NA             NA             NA             NA                  NA                  NA    8        50          0.50
6        9.3886550  -1.043958e-04   1.635189e-04             NA             NA             NA             NA                  NA                  NA    8        50          0.50
7        0.6000000   9.887456e-05   1.384915e-04             NA             NA             NA             NA                  NA                  NA    8        50          2.25
8        0.8747932  -1.504210e-05   3.769469e-05     -11.023108       0.107841      0.1337705   0.0019137489           11.023108            0.107841    8        50          2.25
9        1.2277493  -5.399246e-06   8.435327e-05             NA             NA             NA             NA                  NA                  NA    8        50          2.25
10       0.8236632  -4.584537e-06   2.600575e-05             NA             NA             NA             NA                  NA                  NA    8        50          2.25
11       0.0000000             NA             NA             NA             NA             NA             NA                  NA                  NA    8        50          2.25
12      10.2285655  -1.043958e-04   1.635189e-04             NA             NA             NA             NA                  NA                  NA    8        50          2.25
