Host: erc-hpc-comp010
MODEL=RS CASE=2 R_LIST=50 VAR_A_LIST=0.5,2.25
LABEL_POLICY=unknown MIS_TYPE=none RHO=0 LAMBDA=0 CIRG_CRITERION=IMSPE
NLOOP=20 SA_MAX=25 EM_MAX=300 K_GRID_POINTS=8 N_CORES=8
============================================================
Method comparison
MODEL=RS cases=2 label_policy=unknown misspec=none rho=0
N=2500 p=50 R=50 Var.a=0.5,2.25
nloop=20 tau=255 lambda=0 CIRG_CRITERION=IMSPE
Budgets: SA_MAX=25 EM_MAX=300 K_GRID_POINTS=8 KMEANS_NUM_INIT=1 KMEANS_MAX_ITERS=25 CPF_LAMBDA_POINTS=6 CPF_MAX_ITER=300 BLM_NSTART=5 N_CORES=8
Methods: LM, KM, OBS, CPF, BLM, CIRG
============================================================

Running case=2 R=50 Var.a=0.5
Saved: results_comparison/RS_case2_R50_vara0.5_varb0.1_lambda0_none.rds 

Running case=2 R=50 Var.a=2.25
Saved: results_comparison/RS_case2_R50_vara2.25_varb0.1_lambda0_none.rds 

Finished. Elapsed minutes: 8.025567 
Saved combined: results_comparison/RS_cases2_R50_vara0.50-2.25_varb0.1_grid_lambda0_none.rds 

   method mis_type rho  n convergence_rate MSPE_mean  MSPE_MCSE beta_MSE_mean beta_MSE_MCSE beta_SSE_mean beta_SSE_MCSE intercept_MSE_mean intercept_MSE_MCSE Var_a_hat_mean Var_a_hat_MCSE Var_b_hat_mean Var_b_hat_MCSE
1     BLM     none  NA 20                1  14.21701 0.08352396   0.005956186  0.0003276756     0.2978093    0.01638378         0.01767674        0.006629467   6.875443e-05   1.967380e-07   7.496056e-05   2.257895e-07
2    CIRG     none  NA 20                1  14.21696 0.08350373   0.005953508  0.0003268791     0.2976754    0.01634395         0.01776246        0.006766051   6.043966e-04   4.490171e-04   2.365663e-04   4.559326e-05
3     CPF     none  NA 20                1  14.24652 0.08180986   0.005970954  0.0003298012     0.2985477    0.01649006         0.04726288        0.009483776   1.959888e-01   1.718348e-02   1.572093e-04   9.825749e-06
4      KM     none  NA 20                1  14.21615 0.08335148   0.005954642  0.0003275717     0.2977321    0.01637859         0.01775291        0.006766439   1.378049e-04   1.345220e-05   1.841557e-04   7.173417e-06
5      LM     none  NA 20                1  14.21701 0.08352396   0.005956186  0.0003276756     0.2978093    0.01638378         0.01767674        0.006629467   0.000000e+00   0.000000e+00             NA             NA
6     OBS     none  NA 20                0  14.23096 0.08093727   0.005979853  0.0003312857     0.2989926    0.01656428         0.01765187        0.006614732   6.506461e-03   2.010432e-03   3.738816e-03   1.451870e-04
7     BLM     none  NA 20                1  15.76828 0.14472815   0.006232269  0.0003343292     0.3116135    0.01671646         0.07305966        0.026690875   7.481700e-05   6.049482e-07   8.146437e-05   6.442479e-07
8    CIRG     none  NA 20                1  15.76843 0.14482817   0.006228760  0.0003330394     0.3114380    0.01665197         0.07329924        0.026934188   5.107616e-04   3.375579e-04   2.539967e-04   5.344422e-05
9     CPF     none  NA 20                1  15.79633 0.14344306   0.006246445  0.0003384532     0.3123222    0.01692266         0.12587760        0.031279717   2.302892e-01   1.954776e-02   1.782769e-04   1.564172e-05
10     KM     none  NA 20                1  15.76750 0.14468771   0.006231090  0.0003343232     0.3115545    0.01671616         0.07324078        0.026936998   1.518762e-04   1.411064e-05   1.989797e-04   7.170035e-06
11     LM     none  NA 20                1  15.76828 0.14472815   0.006232269  0.0003343292     0.3116135    0.01671646         0.07305966        0.026690875   0.000000e+00   0.000000e+00             NA             NA
12    OBS     none  NA 20                0  15.78257 0.14286213   0.006256768  0.0003377435     0.3128384    0.01688718         0.07298814        0.026659700   7.755498e-03   2.306670e-03   4.058450e-03   1.549656e-04
   Var_e_hat_mean Var_e_hat_MCSE Var_a_MSE_mean Var_a_MSE_MCSE Var_b_MSE_mean Var_b_MSE_MCSE Var_e_MSE_mean Var_e_MSE_MCSE   G_MSE_mean   G_MSE_MCSE selected_K_mean selected_K_MCSE runtime_mean runtime_MCSE
1        14.12859     0.06414288      0.2499313   1.967108e-07    0.009985014   4.512390e-08       26.38057      0.6624312 0.0002880361 9.413120e-10            1.00       0.0000000      0.34885 0.0040342449
2        14.12134     0.06400509      0.2493998   4.448547e-04    0.009952782   9.061477e-06       26.30593      0.6602685 0.0002872122 2.394755e-07            2.70       0.5031480     27.29160 2.5642453742
3        14.09485     0.06172038      0.0980330   9.996082e-03    0.009968585   1.961628e-06       26.02986      0.6327858 0.0002293204 3.828567e-06            4.25       0.3067229      1.39605 0.0797541114
4        14.12454     0.06437301      0.2498622   1.344712e-05    0.009963204   1.431917e-06       26.33963      0.6642975 0.0002875903 2.875589e-08            2.00       0.0000000     39.81455 2.2017313456
5        14.12486     0.06413855      0.2500000   0.000000e+00             NA             NA       26.34240      0.6619082           NA           NA            1.00       0.0000000      0.00910 0.0002800376
6        13.94878     0.06688452      0.2436127   1.939402e-03    0.009266616   2.790427e-05       24.57541      0.6667202 0.0002717968 9.808406e-07           50.00       0.0000000      7.14985 0.0309359504
7        15.68358     0.12682162      5.0621633   2.722176e-06    0.009983714   1.287441e-07       44.97578      1.7102417 0.0021381580 3.520268e-09            1.00       0.0000000      0.36050 0.0054765048
8        15.67568     0.12665035      5.0602040   1.516630e-03    0.009949319   1.061206e-05       44.86949      1.7067832 0.0021367435 6.097715e-07            2.70       0.5031480     28.07395 2.6992755095
9        15.64583     0.12543877      4.0864920   7.879788e-02    0.009964381   3.119972e-06       44.46603      1.6851748 0.0017626725 3.027910e-05            4.70       0.3706325      1.54150 0.0812353145
10       15.67935     0.12702992      5.0618166   6.349272e-05    0.009960245   1.430991e-06       44.92035      1.7119657 0.0021375736 4.265985e-08            2.00       0.0000000     39.80345 2.1999765268
11       15.67953     0.12678886      5.0625000   0.000000e+00             NA             NA       44.92155      1.7087712           NA           NA            1.00       0.0000000      0.00925 0.0002279774
12       15.48851     0.12839915      5.0277615   1.028319e-02    0.009205237   2.968760e-05       42.41403      1.6830452 0.0021099667 4.010882e-06           50.00       0.0000000      7.10555 0.0296047182
   iterations_mean iterations_MCSE group_ARI_mean group_ARI_MCSE objective_mean objective_MCSE I_optimal_mean I_optimal_MCSE IMSPE_selected_mean IMSPE_selected_MCSE case R_setting Var_a_setting
1            27.45       0.1141329   0.000000e+00   0.000000e+00             NA             NA             NA             NA                  NA                  NA    2        50          0.50
2            58.45       7.6634728   2.617473e-05   5.011291e-05      -14.22488     0.06479106      0.1018710   0.0004685672            14.22488          0.06479106    2        50          0.50
3            94.15       5.8215909  -5.977149e-05   7.677314e-05             NA             NA             NA             NA                  NA                  NA    2        50          0.50
4            45.75       2.1323017  -3.142792e-05   2.907945e-05             NA             NA             NA             NA                  NA                  NA    2        50          0.50
5             1.00       0.0000000             NA             NA             NA             NA             NA             NA                  NA                  NA    2        50          0.50
6           300.00       0.0000000  -1.043958e-04   1.635189e-04             NA             NA             NA             NA                  NA                  NA    2        50          0.50
7            28.00       0.0000000   0.000000e+00   0.000000e+00             NA             NA             NA             NA                  NA                  NA    2        50          2.25
8            62.00       8.2471686   2.617473e-05   5.011291e-05      -15.79042     0.12784991      0.1127818   0.0008777691            15.79042          0.12784991    2        50          2.25
9           105.35       5.7752990  -6.739162e-05   6.231792e-05             NA             NA             NA             NA                  NA                  NA    2        50          2.25
10           46.80       2.4013154  -3.142792e-05   2.907945e-05             NA             NA             NA             NA                  NA                  NA    2        50          2.25
11            1.00       0.0000000             NA             NA             NA             NA             NA             NA                  NA                  NA    2        50          2.25
12          300.00       0.0000000  -1.043958e-04   1.635189e-04             NA             NA             NA             NA                  NA                  NA    2        50          2.25
