Host: erc-hpc-comp025
MODEL=RS CASE=4 R_LIST=10 VAR_A_LIST=0.5,2.25
LABEL_POLICY=unknown MIS_TYPE=none RHO=0 LAMBDA=0 CIRG_CRITERION=IMSPE
NLOOP=20 SA_MAX=25 EM_MAX=300 K_GRID_POINTS=8 N_CORES=8
============================================================
Method comparison
MODEL=RS cases=4 label_policy=unknown misspec=none rho=0
N=2500 p=50 R=10 Var.a=0.5,2.25
nloop=20 tau=255 lambda=0 CIRG_CRITERION=IMSPE
Budgets: SA_MAX=25 EM_MAX=300 K_GRID_POINTS=8 KMEANS_NUM_INIT=1 KMEANS_MAX_ITERS=25 CPF_LAMBDA_POINTS=6 CPF_MAX_ITER=300 BLM_NSTART=5 N_CORES=8
Methods: LM, KM, OBS, CPF, BLM, CIRG
============================================================

Running case=4 R=10 Var.a=0.5
Saved: results_comparison/RS_case4_R10_vara0.5_varb0.1_lambda0_none.rds 

Running case=4 R=10 Var.a=2.25
Saved: results_comparison/RS_case4_R10_vara2.25_varb0.1_lambda0_none.rds 

Finished. Elapsed minutes: 5.3347 
Saved combined: results_comparison/RS_cases4_R10_vara0.50-2.25_varb0.1_grid_lambda0_none.rds 

   method mis_type rho  n convergence_rate MSPE_mean MSPE_MCSE beta_MSE_mean beta_MSE_MCSE beta_SSE_mean beta_SSE_MCSE intercept_MSE_mean intercept_MSE_MCSE Var_a_hat_mean Var_a_hat_MCSE Var_b_hat_mean Var_b_hat_MCSE
1     BLM     none  NA 20                1  18.09885 0.5977053    0.01842551  0.0010173701     0.9212753    0.05086851           1.386820          0.3983173   0.0002162971   3.784305e-06   6.690789e-05   1.754372e-06
2    CIRG     none  NA 20                1  17.13276 0.5656384    0.01806154  0.0009842708     0.9030771    0.04921354           4.196597          1.2704069   6.3927401322   2.515646e+00   1.181704e-02   1.675875e-03
3     CPF     none  NA 20                1  18.11511 0.5983045    0.01841860  0.0010206802     0.9209300    0.05103401           1.387549          0.3973254   0.0029099997   1.715602e-03   4.103671e-04   4.024108e-05
4      KM     none  NA 20                1  17.26228 0.5800421    0.01796186  0.0009663177     0.8980928    0.04831588           3.971980          1.2557783   4.1780104898   1.007521e+00   9.494640e-03   1.021533e-03
5      LM     none  NA 20                1  18.09885 0.5977053    0.01842551  0.0010173701     0.9212753    0.05086851           1.386820          0.3983173   0.0000000000   0.000000e+00             NA             NA
6     OBS     none  NA 20                1  18.11520 0.5984115    0.01841383  0.0010208830     0.9206914    0.05104415           1.385439          0.3977671   0.0026095235   1.558358e-03   4.556858e-04   3.917708e-05
7     BLM     none  NA 20                1  19.30966 0.7985983    0.01890782  0.0010043417     0.9453908    0.05021708           1.952129          0.4631000   0.0002214970   4.092264e-06   6.882268e-05   2.162987e-06
8    CIRG     none  NA 20                1  18.19256 0.7263407    0.01843560  0.0009764831     0.9217799    0.04882416           4.601355          1.4525154   8.2514088985   3.594133e+00   1.277179e-02   1.992388e-03
9     CPF     none  NA 20                1  19.32606 0.8004618    0.01889734  0.0010065938     0.9448668    0.05032969           1.955456          0.4644411   0.0032983043   1.998272e-03   4.510991e-04   4.455762e-05
10     KM     none  NA 20                1  18.34236 0.7508889    0.01832948  0.0009660607     0.9164738    0.04830304           4.296307          1.4460356   5.2800398021   1.590274e+00   1.018912e-02   1.152547e-03
11     LM     none  NA 20                1  19.30966 0.7985983    0.01890782  0.0010043417     0.9453908    0.05021708           1.952129          0.4631000   0.0000000000   0.000000e+00             NA             NA
12    OBS     none  NA 20                1  19.32648 0.8003462    0.01889559  0.0010070177     0.9447794    0.05035088           1.950846          0.4634428   0.0029044620   1.839932e-03   4.794504e-04   4.648670e-05
   Var_e_hat_mean Var_e_hat_MCSE Var_a_MSE_mean Var_a_MSE_MCSE Var_b_MSE_mean Var_b_MSE_MCSE Var_e_MSE_mean Var_e_MSE_MCSE   G_MSE_mean   G_MSE_MCSE selected_K_mean selected_K_MCSE runtime_mean runtime_MCSE
1        17.98029      0.5690115      0.2497837   3.782694e-06    0.009986623   3.506393e-07       86.79735      11.183850 0.0002880103 6.913952e-09            1.00       0.0000000      0.34095 0.0057763014
2        17.00016      0.5252501    154.9654078   1.238313e+02    0.007829598   2.810877e-04       69.24447       9.830197 0.0597296761 4.760583e-02            2.35       0.1817314     16.51095 1.2009249932
3        17.95037      0.5680775      0.2471544   1.653345e-03    0.009918126   8.006552e-06       86.24064      11.144343 0.0002856827 6.097827e-07            7.95       0.1983484      1.52410 0.1138912662
4        17.14551      0.5380974     32.8146345   1.606564e+01    0.008211047   1.823659e-04       71.85084      10.011279 0.0127740050 6.174517e-03            2.00       0.0000000     34.92225 2.5803351739
5        17.97543      0.5689210      0.2500000   0.000000e+00             NA             NA       86.70801      11.176458           NA           NA            1.00       0.0000000      0.01535 0.0001094243
6        17.94903      0.5681831      0.2474434   1.506663e-03    0.009909100   7.792339e-06       86.21889      11.145016 0.0002856203 5.515872e-07           10.00       0.0000000      1.72390 0.0947556109
7        19.16030      0.7517533      5.0615033   1.841336e-05    0.009986240   4.322943e-07      113.96915      17.423761 0.0021379528 1.239408e-08            1.00       0.0000000      0.34120 0.0059588943
8        18.01028      0.6696936    281.4549714   2.352239e+02    0.007684183   3.249897e-04       89.70649      14.851623 0.1083580087 9.043181e-02            2.35       0.1817314     16.10950 0.8937417810
9        19.12812      0.7496998      5.0477444   8.908734e-03    0.009910021   8.859964e-06      113.25770      17.327134 0.0021311978 3.384847e-06            8.40       0.2449490      1.46140 0.0724796305
10       18.17886      0.6920832     57.2315990   2.835868e+01    0.008091232   2.040845e-04       93.35209      15.249754 0.0221592313 1.090064e-02            2.00       0.0000000     34.28250 2.5177945210
11       19.15525      0.7516230      5.0625000   0.000000e+00             NA             NA      113.86288      17.412851           NA           NA            1.00       0.0000000      0.01570 0.0010640044
12       19.12669      0.7496451      5.0495027   8.208192e-03    0.009904381   9.239511e-06      113.22726      17.320006 0.0021317654 3.122866e-06           10.00       0.0000000      1.82705 0.0966921995
   iterations_mean iterations_MCSE group_ARI_mean group_ARI_MCSE objective_mean objective_MCSE I_optimal_mean I_optimal_MCSE IMSPE_selected_mean IMSPE_selected_MCSE case R_setting Var_a_setting
1            31.30       0.6653056   0.0000000000   0.0000000000             NA             NA             NA             NA                  NA                  NA    4        10          0.50
2            24.25       4.1586150   0.2011765648   0.0079804038      -17.21063      0.5328107       3.207966      0.7744508            17.21063           0.5328107    4        10          0.50
3           128.55      10.5405171  -0.0002984285   0.0002134086             NA             NA             NA             NA                  NA                  NA    4        10          0.50
4            24.55       4.2971686   0.1857773330   0.0092512379             NA             NA             NA             NA                  NA                  NA    4        10          0.50
5             1.00       0.0000000             NA             NA             NA             NA             NA             NA                  NA                  NA    4        10          0.50
6           140.80       8.0120304  -0.0002519361   0.0001109870             NA             NA             NA             NA                  NA                  NA    4        10          0.50
7            32.15       0.6816196   0.0000000000   0.0000000000             NA             NA             NA             NA                  NA                  NA    4        10          2.25
8            24.40       3.1080541   0.2011765648   0.0079804038      -18.23367      0.6792840       3.853700      1.1016553            18.23367           0.6792840    4        10          2.25
9           126.90       6.6723704  -0.0004575576   0.0002374681             NA             NA             NA             NA                  NA                  NA    4        10          2.25
10           23.85       3.1733056   0.1857773330   0.0092512379             NA             NA             NA             NA                  NA                  NA    4        10          2.25
11            1.00       0.0000000             NA             NA             NA             NA             NA             NA                  NA                  NA    4        10          2.25
12          141.65       6.7587273  -0.0002519361   0.0001109870             NA             NA             NA             NA                  NA                  NA    4        10          2.25
