Host: erc-hpc-comp014
MODEL=RI CASE=6 R_LIST=20 VAR_A_LIST=0.5,2.25
LABEL_POLICY=unknown MIS_TYPE=none RHO=0 LAMBDA=0 CIRG_CRITERION=IMSPE
NLOOP=20 SA_MAX=25 EM_MAX=300 K_GRID_POINTS=8 N_CORES=8
============================================================
Method comparison
MODEL=RI cases=6 label_policy=unknown misspec=none rho=0
N=2500 p=50 R=20 Var.a=0.5,2.25
nloop=20 tau=255 lambda=0 CIRG_CRITERION=IMSPE
Budgets: SA_MAX=25 EM_MAX=300 K_GRID_POINTS=8 KMEANS_NUM_INIT=1 KMEANS_MAX_ITERS=25 CPF_LAMBDA_POINTS=6 CPF_MAX_ITER=300 BLM_NSTART=5 N_CORES=8
Methods: LM, KM, OBS, CPF, BLM, CIRG
============================================================

Running case=6 R=20 Var.a=0.5
Saved: results_comparison/RI_case6_R20_vara0.5_lambda0_none.rds 

Running case=6 R=20 Var.a=2.25
Saved: results_comparison/RI_case6_R20_vara2.25_lambda0_none.rds 

Finished. Elapsed minutes: 9.531133 
Saved combined: results_comparison/RI_cases6_R20_vara0.50-2.25_grid_lambda0_none.rds 

   method mis_type rho  n convergence_rate MSPE_mean  MSPE_MCSE beta_MSE_mean beta_MSE_MCSE beta_SSE_mean beta_SSE_MCSE intercept_MSE_mean intercept_MSE_MCSE Var_a_hat_mean Var_a_hat_MCSE Var_b_hat_mean Var_b_hat_MCSE
1     BLM     none  NA 20                1  9.460504 0.07132309   0.004388182  0.0001886108     0.2194091   0.009430540          0.1641322         0.05345964   0.0173591650   0.0021970543             NA             NA
2    CIRG     none  NA 20                1  9.443003 0.07033881   0.004436397  0.0001881942     0.2218199   0.009409709          0.1697347         0.05428523   0.0018350848   0.0009130245             NA             NA
3     CPF     none  NA 20                1  9.454139 0.07098427   0.004387329  0.0001884196     0.2193664   0.009420980          0.1613463         0.05393256   0.0111820255   0.0019598446             NA             NA
4      KM     none  NA 20                1  9.442383 0.07037980   0.004396953  0.0001864417     0.2198476   0.009322084          0.1516454         0.05368410   0.0006884531   0.0005657589             NA             NA
5      LM     none  NA 20                1  9.442443 0.07036620   0.004380440  0.0001885546     0.2190220   0.009427728          0.1572386         0.05343857   0.0000000000   0.0000000000             NA             NA
6     OBS     none  NA 20                1  9.445189 0.07042359   0.004382721  0.0001882796     0.2191361   0.009413981          0.1587479         0.05389336   0.0040746194   0.0013962884             NA             NA
7     BLM     none  NA 20                1 11.059544 0.18314134   0.005162510  0.0002090145     0.2581255   0.010450725          0.2770404         0.10303015   0.0215764097   0.0026475413             NA             NA
8    CIRG     none  NA 20                1 11.036844 0.18199423   0.005209594  0.0002028532     0.2604797   0.010142658          0.2768279         0.10431043   0.0018461252   0.0011701697             NA             NA
9     CPF     none  NA 20                1 11.049254 0.18283128   0.005163498  0.0002085605     0.2581749   0.010428027          0.2727042         0.10635022   0.0132528690   0.0023486838             NA             NA
10     KM     none  NA 20                1 11.036290 0.18205593   0.005184072  0.0002082809     0.2592036   0.010414046          0.2485273         0.10285894   0.0007946370   0.0006551745             NA             NA
11     LM     none  NA 20                1 11.036415 0.18203166   0.005161228  0.0002093192     0.2580614   0.010465961          0.2668551         0.10411117   0.0000000000   0.0000000000             NA             NA
12    OBS     none  NA 20                1 11.039737 0.18214476   0.005162676  0.0002087270     0.2581338   0.010436349          0.2697507         0.10532726   0.0049298159   0.0014831081             NA             NA
   Var_e_hat_mean Var_e_hat_MCSE Var_a_MSE_mean Var_a_MSE_MCSE Var_b_MSE_mean Var_b_MSE_MCSE Var_e_MSE_mean Var_e_MSE_MCSE G_MSE_mean G_MSE_MCSE selected_K_mean selected_K_MCSE runtime_mean runtime_MCSE iterations_mean
1        9.367443     0.04293342      0.2330339   0.0021091274             NA             NA      0.1700368     0.03339570         NA         NA            7.00       0.0000000      0.19080  0.022126146           21.70
2        9.381643     0.04314342      0.2481841   0.0009024195             NA             NA      0.1810174     0.03466992         NA         NA            2.85       0.3718729     17.44395  1.210917285           33.80
3        9.372110     0.04298715      0.2390160   0.0019059722             NA             NA      0.1735757     0.03387080         NA         NA           11.45       0.3589092      0.42125  0.049140287           45.05
4        9.382468     0.04305963      0.2493181   0.0005592191             NA             NA      0.1815102     0.03461250         NA         NA            2.00       0.0000000     80.40470  5.648702407           27.10
5        9.382637     0.04299148      0.2500000   0.0000000000             NA             NA      0.1815278     0.03458620         NA         NA            1.00       0.0000000      0.01445  0.001096586            1.00
6        9.378892     0.04305796      0.2459790   0.0013581999             NA             NA      0.1787850     0.03451401         NA         NA           20.00       0.0000000      0.81550  0.079046239           82.40
7       10.959663     0.16552982      4.9660049   0.0117913040             NA             NA      4.3608825     0.74386015         NA         NA            6.95       0.0500000      0.19575  0.030622650           21.70
8       10.977521     0.16596569      5.0542219   0.0052441553             NA             NA      4.4339352     0.75226368         NA         NA            2.65       0.2643264     18.09570  1.406358828           43.55
9       10.966345     0.16558752      5.0031425   0.0104820940             NA             NA      4.3874785     0.74641200         NA         NA           11.60       0.4000000      0.43560  0.044266858           45.95
10      10.978280     0.16589344      5.0589329   0.0029395184             NA             NA      4.4364849     0.75197878         NA         NA            2.00       0.0000000     79.41110  5.558728815           28.55
11      10.978476     0.16583944      5.0625000   0.0000000000             NA             NA      4.4369208     0.75179580         NA         NA            1.00       0.0000000      0.01485  0.001328384            1.00
12      10.973870     0.16591131      5.0403819   0.0066323506             NA             NA      4.4191683     0.75100708         NA         NA           20.00       0.0000000      0.80870  0.046714424           88.60
   iterations_MCSE group_ARI_mean group_ARI_MCSE objective_mean objective_MCSE I_optimal_mean I_optimal_MCSE IMSPE_selected_mean IMSPE_selected_MCSE case R_setting Var_a_setting
1         3.146510  -3.550721e-05   1.841166e-04             NA             NA             NA             NA                  NA                  NA    6        20          0.50
2         5.101909  -3.802845e-05   1.134832e-04      -9.446282     0.04347888     0.06522988    0.000525309            9.446282          0.04347888    6        20          0.50
3         6.881124   2.092544e-04   2.409216e-04             NA             NA             NA             NA                  NA                  NA    6        20          0.50
4         2.669417  -6.391725e-05   1.223316e-04             NA             NA             NA             NA                  NA                  NA    6        20          0.50
5         0.000000             NA             NA             NA             NA             NA             NA                  NA                  NA    6        20          0.50
6         4.864155  -3.373013e-05   1.038553e-04             NA             NA             NA             NA                  NA                  NA    6        20          0.50
7         4.287129  -4.679016e-05   1.594828e-04             NA             NA             NA             NA                  NA                  NA    6        20          2.25
8        10.284499  -1.010812e-04   9.637732e-05     -11.053059     0.16714997     0.07616206    0.001230645           11.053059          0.16714997    6        20          2.25
9         6.086860   7.470694e-05   2.153943e-04             NA             NA             NA             NA                  NA                  NA    6        20          2.25
10        3.244003  -6.391725e-05   1.223316e-04             NA             NA             NA             NA                  NA                  NA    6        20          2.25
11        0.000000             NA             NA             NA             NA             NA             NA                  NA                  NA    6        20          2.25
12        6.030362  -3.373013e-05   1.038553e-04             NA             NA             NA             NA                  NA                  NA    6        20          2.25
