Host: erc-hpc-comp007
MODEL=RS CASE=6 R_LIST=20 VAR_A_LIST=0.5,2.25
LABEL_POLICY=unknown MIS_TYPE=none RHO=0 LAMBDA=0 CIRG_CRITERION=IMSPE
NLOOP=20 SA_MAX=25 EM_MAX=300 K_GRID_POINTS=8 N_CORES=8
============================================================
Method comparison
MODEL=RS cases=6 label_policy=unknown misspec=none rho=0
N=2500 p=50 R=20 Var.a=0.5,2.25
nloop=20 tau=255 lambda=0 CIRG_CRITERION=IMSPE
Budgets: SA_MAX=25 EM_MAX=300 K_GRID_POINTS=8 KMEANS_NUM_INIT=1 KMEANS_MAX_ITERS=25 CPF_LAMBDA_POINTS=6 CPF_MAX_ITER=300 BLM_NSTART=5 N_CORES=8
Methods: LM, KM, OBS, CPF, BLM, CIRG
============================================================

Running case=6 R=20 Var.a=0.5
Saved: results_comparison/RS_case6_R20_vara0.5_varb0.1_lambda0_none.rds 

Running case=6 R=20 Var.a=2.25
Saved: results_comparison/RS_case6_R20_vara2.25_varb0.1_lambda0_none.rds 

Finished. Elapsed minutes: 16.95632 
Saved combined: results_comparison/RS_cases6_R20_vara0.50-2.25_varb0.1_grid_lambda0_none.rds 

   method mis_type rho  n convergence_rate MSPE_mean MSPE_MCSE beta_MSE_mean beta_MSE_MCSE beta_SSE_mean beta_SSE_MCSE intercept_MSE_mean intercept_MSE_MCSE Var_a_hat_mean Var_a_hat_MCSE Var_b_hat_mean Var_b_hat_MCSE
1     BLM     none  NA 20             1.00  16.56173 0.6222133    0.01590423  0.0006031242     0.7952117    0.03015621          0.4939589          0.1189812   2.648985e-04   3.638962e-06   8.648656e-05   1.811481e-06
2    CIRG     none  NA 20             0.35  16.56119 0.6223067    0.01595756  0.0006047951     0.7978780    0.03023976          0.4561317          0.1055425   1.158874e-04   2.243834e-05   6.571646e-05   1.248763e-05
3     CPF     none  NA 20             1.00  16.58665 0.6226522    0.01597047  0.0006111202     0.7985236    0.03055601          0.5009020          0.1220155   1.423282e-03   9.311086e-05   8.912411e-04   4.303813e-05
4      KM     none  NA 20             0.50  16.56187 0.6222373    0.01592986  0.0006033057     0.7964928    0.03016528          0.4824651          0.1131031   7.087336e-05   9.182674e-06   4.014774e-05   4.325860e-06
5      LM     none  NA 20             1.00  16.56173 0.6222133    0.01590423  0.0006031242     0.7952117    0.03015621          0.4939589          0.1189812   0.000000e+00   0.000000e+00             NA             NA
6     OBS     none  NA 20             0.90  16.58175 0.6223924    0.01595914  0.0006091649     0.7979572    0.03045824          0.4998857          0.1216822   1.289304e-03   5.606485e-05   9.920378e-04   4.155173e-05
7     BLM     none  NA 20             1.00  18.56906 0.7548723    0.01679585  0.0006659006     0.8397923    0.03329503          0.6871639          0.1669338   2.770881e-04   4.008469e-06   9.231764e-05   2.067574e-06
8    CIRG     none  NA 20             0.35  18.56759 0.7550230    0.01684716  0.0006621888     0.8423582    0.03310944          0.6673834          0.1638056   1.573783e-04   2.794106e-05   8.890324e-05   1.516131e-05
9     CPF     none  NA 20             1.00  18.59543 0.7557245    0.01685828  0.0006759692     0.8429138    0.03379846          0.6959280          0.1712035   1.490822e-03   9.155554e-05   9.353716e-04   5.273114e-05
10     KM     none  NA 20             0.50  18.56919 0.7548987    0.01683125  0.0006673527     0.8415624    0.03336763          0.6643325          0.1561324   8.887374e-05   1.980642e-05   4.751517e-05   8.115633e-06
11     LM     none  NA 20             1.00  18.56906 0.7548723    0.01679585  0.0006659006     0.8397923    0.03329503          0.6871639          0.1669338   0.000000e+00   0.000000e+00             NA             NA
12    OBS     none  NA 20             0.90  18.59027 0.7552948    0.01685183  0.0006752893     0.8425917    0.03376447          0.6951190          0.1703719   1.351760e-03   6.401514e-05   1.042162e-03   4.778944e-05
   Var_e_hat_mean Var_e_hat_MCSE Var_a_MSE_mean Var_a_MSE_MCSE Var_b_MSE_mean Var_b_MSE_MCSE Var_e_MSE_mean Var_e_MSE_MCSE   G_MSE_mean   G_MSE_MCSE selected_K_mean selected_K_MCSE runtime_mean runtime_MCSE
1        16.25575      0.6275678      0.2497352   3.637001e-06    0.009982710   3.619729e-07       60.12886       10.79794 0.0002879164 8.352054e-09            1.00       0.0000000      0.64545 0.0146882472
2        16.25274      0.6275206      0.2498841   2.242953e-05    0.009986864   2.494694e-06       60.08409       10.79486 0.0002880536 5.639652e-08            2.40       0.1973509     80.41185 4.5147314167
3        16.22138      0.6254523      0.2485789   9.280425e-05    0.009822581   8.527604e-06       59.58093       10.71798 0.0002843937 1.967805e-07           12.20       0.3211820      2.79035 0.1108624865
4        16.25394      0.6274655      0.2499291   9.180897e-06    0.009991972   8.647286e-07       60.10016       10.79394 0.0002881691 2.012051e-08            2.00       0.0000000     78.39420 5.3502376458
5        16.25301      0.6274910      0.2500000   0.000000e+00             NA             NA       60.08738       10.79304           NA           NA            1.00       0.0000000      0.01485 0.0007583743
6        16.22811      0.6257346      0.2487124   5.591578e-05    0.009802609   8.225184e-06       59.68490       10.73188 0.0002840611 1.785424e-07           20.00       0.0000000      3.85985 0.1105141162
7        18.20511      0.7610195      5.0612532   1.803586e-05    0.009981545   4.131234e-07       95.73800       15.85973 0.0021377664 1.486065e-08            1.00       0.0000000      0.64645 0.0121257610
8        18.20150      0.7610427      5.0617918   1.257231e-04    0.009982232   3.028766e-06       95.67216       15.85774 0.0021379867 1.047664e-07            2.65       0.2436024     80.42500 4.6731949276
9        18.16800      0.7583085      5.0557937   4.117200e-04    0.009813853   1.044323e-05       94.97791       15.73897 0.0021324438 3.544667e-07           11.70       0.3776660      2.74825 0.1066343451
10       18.20316      0.7609499      5.0621001   8.912098e-05    0.009990500   1.621622e-06       95.69998       15.85588 0.0021382642 6.532520e-08            2.00       0.0000000     76.79250 5.2189158606
11       18.20214      0.7609295      5.0625000   0.000000e+00             NA             NA       95.68065       15.85317           NA           NA            1.00       0.0000000      0.01290 0.0003153945
12       18.17575      0.7587653      5.0564190   2.878872e-04    0.009792697   9.454108e-06       95.13315       15.75838 0.0021322775 2.894254e-07           20.00       0.0000000      3.82700 0.0945541059
   iterations_mean iterations_MCSE group_ARI_mean group_ARI_MCSE objective_mean objective_MCSE I_optimal_mean I_optimal_MCSE IMSPE_selected_mean IMSPE_selected_MCSE case R_setting Var_a_setting
1            57.15       0.6699372   0.000000e+00   0.0000000000             NA             NA             NA             NA                  NA                  NA    6        20          0.50
2           257.40      15.1267278  -1.873785e-05   0.0001077697      -16.36551      0.6317707      0.1143012    0.004262893            16.36551           0.6317707    6        20          0.50
3           209.65       6.4621469  -1.541985e-04   0.0002819124             NA             NA             NA             NA                  NA                  NA    6        20          0.50
4           250.10      14.7564259  -6.391725e-05   0.0001223316             NA             NA             NA             NA                  NA                  NA    6        20          0.50
5             1.00       0.0000000             NA             NA             NA             NA             NA             NA                  NA                  NA    6        20          0.50
6           247.25       5.6334877  -3.373013e-05   0.0001038553             NA             NA             NA             NA                  NA                  NA    6        20          0.50
7            59.05       0.7795917   0.000000e+00   0.0000000000             NA             NA             NA             NA                  NA                  NA    6        20          2.25
8           258.80      15.5440969   1.090752e-05   0.0001002429      -18.32822      0.7662244      0.1285250    0.005264198            18.32822           0.7662244    6        20          2.25
9           213.25       6.3993729  -2.196132e-04   0.0003092266             NA             NA             NA             NA                  NA                  NA    6        20          2.25
10          253.85      15.1381837  -6.391725e-05   0.0001223316             NA             NA             NA             NA                  NA                  NA    6        20          2.25
11            1.00       0.0000000             NA             NA             NA             NA             NA             NA                  NA                  NA    6        20          2.25
12          255.30       5.3128939  -3.373013e-05   0.0001038553             NA             NA             NA             NA                  NA                  NA    6        20          2.25
