Host: erc-hpc-comp183
MODEL=RI CASE=12 R_LIST=20 VAR_A_LIST=0.5,2.25
LABEL_POLICY=unknown MIS_TYPE=none RHO=0 LAMBDA=0 CIRG_CRITERION=IMSPE
NLOOP=20 SA_MAX=25 EM_MAX=300 K_GRID_POINTS=8 N_CORES=8
============================================================
Method comparison
MODEL=RI cases=12 label_policy=unknown misspec=none rho=0
N=2500 p=50 R=20 Var.a=0.5,2.25
nloop=20 tau=255 lambda=0 CIRG_CRITERION=IMSPE
Budgets: SA_MAX=25 EM_MAX=300 K_GRID_POINTS=8 KMEANS_NUM_INIT=1 KMEANS_MAX_ITERS=25 CPF_LAMBDA_POINTS=6 CPF_MAX_ITER=300 BLM_NSTART=5 N_CORES=8
Methods: LM, KM, OBS, CPF, BLM, CIRG
============================================================

Running case=12 R=20 Var.a=0.5
Saved: results_comparison/RI_case12_R20_vara0.5_lambda0_none.rds 

Running case=12 R=20 Var.a=2.25
Saved: results_comparison/RI_case12_R20_vara2.25_lambda0_none.rds 

Finished. Elapsed minutes: 8.505017 
Saved combined: results_comparison/RI_cases12_R20_vara0.50-2.25_grid_lambda0_none.rds 

   method mis_type rho  n convergence_rate MSPE_mean  MSPE_MCSE beta_MSE_mean beta_MSE_MCSE beta_SSE_mean beta_SSE_MCSE intercept_MSE_mean intercept_MSE_MCSE Var_a_hat_mean Var_a_hat_MCSE Var_b_hat_mean Var_b_hat_MCSE
1     BLM     none  NA 20                1  9.302280 0.05192996   0.004662812  0.0001512267     0.2331406   0.007561334        0.006365099        0.001663139    0.022082253   0.0025880868             NA             NA
2    CIRG     none  NA 20                1  9.279888 0.05200955   0.003636696  0.0001311936     0.1818348   0.006559679        0.006534672        0.001787850    0.026849400   0.0043880226             NA             NA
3     CPF     none  NA 20                1  9.297719 0.05183153   0.004660669  0.0001505742     0.2330334   0.007528708        0.006791063        0.001787199    0.014442939   0.0022501687             NA             NA
4      KM     none  NA 20                1  9.283442 0.05171168   0.003689809  0.0001582988     0.1844904   0.007914941        0.006339739        0.001637414    0.025516867   0.0046814795             NA             NA
5      LM     none  NA 20                1  9.291821 0.05163680   0.004662086  0.0001498945     0.2331043   0.007494725        0.006395469        0.001708916    0.000000000   0.0000000000             NA             NA
6     OBS     none  NA 20                1  9.292984 0.05153403   0.004662069  0.0001502790     0.2331035   0.007513950        0.006397142        0.001709362    0.004331033   0.0009458772             NA             NA
7     BLM     none  NA 20                1 10.202740 0.05694144   0.013489470  0.0003944888     0.6744735   0.019724439        0.025025292        0.006576875    0.022411912   0.0024973448             NA             NA
8    CIRG     none  NA 20                1 10.129656 0.05778594   0.007678884  0.0002484879     0.3839442   0.012424394        0.024810767        0.006056108    0.161936902   0.0142782760             NA             NA
9     CPF     none  NA 20                1 10.197970 0.05654135   0.013491310  0.0003938293     0.6745655   0.019691467        0.025519392        0.006284344    0.013455106   0.0018276521             NA             NA
10     KM     none  NA 20                1 10.140456 0.05737016   0.007766123  0.0002987625     0.3883061   0.014938126        0.023828555        0.005362497    0.157368422   0.0156575501             NA             NA
11     LM     none  NA 20                1 10.191163 0.05661254   0.013496067  0.0003937939     0.6748034   0.019689695        0.024529841        0.005868466    0.000000000   0.0000000000             NA             NA
12    OBS     none  NA 20                1 10.192529 0.05661900   0.013494460  0.0003942248     0.6747230   0.019711239        0.024534706        0.005868809    0.004240464   0.0008985387             NA             NA
   Var_e_hat_mean Var_e_hat_MCSE Var_a_MSE_mean Var_a_MSE_MCSE Var_b_MSE_mean Var_b_MSE_MCSE Var_e_MSE_mean Var_e_MSE_MCSE G_MSE_mean G_MSE_MCSE selected_K_mean selected_K_MCSE runtime_mean runtime_MCSE iterations_mean
1        9.169934     0.03194017      0.2285326   0.0024605789             NA             NA     0.04826083    0.009324402         NA         NA             6.9      0.06882472      0.18610  0.021571167           17.15
2        9.176286     0.03185945      0.2242373   0.0040603753             NA             NA     0.05036226    0.009770282         NA         NA             2.2      0.15559732     21.90220  2.619450170           17.15
3        9.174953     0.03205622      0.2358619   0.0021669745             NA             NA     0.05013307    0.009731590         NA         NA            11.5      0.47295265      0.42615  0.052366888           35.00
4        9.177076     0.03199832      0.2255507   0.0043560679             NA             NA     0.05080989    0.009842715         NA         NA             2.0      0.00000000     62.20535  5.502060151           24.85
5        9.186490     0.03221396      0.2500000   0.0000000000             NA             NA     0.05449538    0.010333902         NA         NA             1.0      0.00000000      0.01800  0.001112134            1.00
6        9.182413     0.03199007      0.2457047   0.0009325232             NA             NA     0.05271829    0.010084446         NA         NA            20.0      0.00000000      0.89410  0.078300632           81.45
7       10.052374     0.03843080      4.9622672   0.0111172047             NA             NA     1.13555197    0.079738407         NA         NA             6.9      0.06882472      0.21855  0.021114783           18.15
8       10.015850     0.03738111      4.3638810   0.0588526595             NA             NA     1.05850044    0.075404011         NA         NA             2.2      0.15559732     15.33490  1.099483244            7.85
9       10.058071     0.03854964      5.0021965   0.0081710721             NA             NA     1.14774897    0.080417279         NA         NA            11.5      0.31203913      0.48830  0.044541766           38.70
10      10.017801     0.03775430      4.3837649   0.0650333646             NA             NA     1.06300146    0.076303624         NA         NA             2.0      0.00000000     64.01525  7.030061972            8.00
11      10.069805     0.03859683      5.0625000   0.0000000000             NA             NA     1.17278773    0.081374006         NA         NA             1.0      0.00000000      0.02020  0.001714643            1.00
12      10.065842     0.03853550      5.0434512   0.0040321692             NA             NA     1.16423466    0.081101805         NA         NA            20.0      0.00000000      1.00475  0.105073856           87.45
   iterations_MCSE group_ARI_mean group_ARI_MCSE objective_mean objective_MCSE I_optimal_mean I_optimal_MCSE IMSPE_selected_mean IMSPE_selected_MCSE case R_setting Var_a_setting
1        1.2696353  -6.680484e-04   0.0002603822             NA             NA             NA             NA                  NA                  NA   12        20          0.50
2        2.9048734   6.574094e-02   0.0020208181      -9.240177     0.03214996     0.07779829    0.002360975            9.240177          0.03214996   12        20          0.50
3        4.2716939  -7.110160e-04   0.0003517931             NA             NA             NA             NA                  NA                  NA   12        20          0.50
4        8.5468600   6.572882e-02   0.0023156305             NA             NA             NA             NA                  NA                  NA   12        20          0.50
5        0.0000000             NA             NA             NA             NA             NA             NA                  NA                  NA   12        20          0.50
6        5.1577611  -3.373013e-05   0.0001038553             NA             NA             NA             NA                  NA                  NA   12        20          0.50
7        1.5581281  -5.848682e-04   0.0002308834             NA             NA             NA             NA                  NA                  NA   12        20          2.25
8        0.2209430   6.574094e-02   0.0020208181     -10.086021     0.03769440     0.15001100    0.007778038           10.086021          0.03769440   12        20          2.25
9        5.0383268  -7.386767e-04   0.0002963354             NA             NA             NA             NA                  NA                  NA   12        20          2.25
10       0.3906809   6.572882e-02   0.0023156305             NA             NA             NA             NA                  NA                  NA   12        20          2.25
11       0.0000000             NA             NA             NA             NA             NA             NA                  NA                  NA   12        20          2.25
12       5.8013043  -3.373013e-05   0.0001038553             NA             NA             NA             NA                  NA                  NA   12        20          2.25
