Host: erc-hpc-comp186
MODEL=RS CASE=11 R_LIST=10 VAR_A_LIST=0.5,2.25
LABEL_POLICY=unknown MIS_TYPE=none RHO=0 LAMBDA=0 CIRG_CRITERION=IMSPE
NLOOP=20 SA_MAX=25 EM_MAX=300 K_GRID_POINTS=8 N_CORES=8
============================================================
Method comparison
MODEL=RS cases=11 label_policy=unknown misspec=none rho=0
N=2500 p=50 R=10 Var.a=0.5,2.25
nloop=20 tau=255 lambda=0 CIRG_CRITERION=IMSPE
Budgets: SA_MAX=25 EM_MAX=300 K_GRID_POINTS=8 KMEANS_NUM_INIT=1 KMEANS_MAX_ITERS=25 CPF_LAMBDA_POINTS=6 CPF_MAX_ITER=300 BLM_NSTART=5 N_CORES=8
Methods: LM, KM, OBS, CPF, BLM, CIRG
============================================================

Running case=11 R=10 Var.a=0.5
Saved: results_comparison/RS_case11_R10_vara0.5_varb0.1_lambda0_none.rds 

Running case=11 R=10 Var.a=2.25
Saved: results_comparison/RS_case11_R10_vara2.25_varb0.1_lambda0_none.rds 

Finished. Elapsed minutes: 9.83935 
Saved combined: results_comparison/RS_cases11_R10_vara0.50-2.25_varb0.1_grid_lambda0_none.rds 

   method mis_type rho  n convergence_rate MSPE_mean  MSPE_MCSE beta_MSE_mean beta_MSE_MCSE beta_SSE_mean beta_SSE_MCSE intercept_MSE_mean intercept_MSE_MCSE Var_a_hat_mean Var_a_hat_MCSE Var_b_hat_mean Var_b_hat_MCSE
1     BLM     none  NA 20                1 11.992932 0.10189393   0.027455013  0.0015037681     1.3727507    0.07518840          2.1167066         0.14840677   6.131820e-05   7.593711e-07   0.0001602388   1.358733e-06
2    CIRG     none  NA 20                1  9.840223 0.06760758   0.007950772  0.0010777285     0.3975386    0.05388642          0.3940185         0.10952307   5.013833e-01   7.263497e-02   0.0864135920   3.550769e-03
3     CPF     none  NA 20                1 11.996957 0.10183461   0.027438222  0.0014999118     1.3719111    0.07499559          2.1199350         0.14954905   6.297554e-03   1.295903e-03   0.0012662313   9.010907e-05
4      KM     none  NA 20                1 10.064422 0.07377302   0.007371477  0.0005247507     0.3685738    0.02623754          0.8389107         0.09050783   5.667578e-01   6.991208e-02   0.0741753568   2.707530e-03
5      LM     none  NA 20                1 11.992932 0.10189393   0.027455013  0.0015037681     1.3727507    0.07518840          2.1167066         0.14840677   0.000000e+00   0.000000e+00             NA             NA
6     OBS     none  NA 20                1 11.995295 0.10188023   0.027462532  0.0015020960     1.3731266    0.07510480          2.1166637         0.14836191   4.345231e-03   1.153902e-03   0.0016094647   1.396139e-04
7     BLM     none  NA 20                1 12.178616 0.10406130   0.034557127  0.0015799515     1.7278564    0.07899758          2.1038293         0.15245041   6.228949e-05   7.675173e-07   0.0001627866   1.422741e-06
8    CIRG     none  NA 20                1  9.887558 0.07095465   0.008667096  0.0011798738     0.4333548    0.05899369          0.4221795         0.10940885   1.330884e+00   1.542478e-01   0.0880968108   3.614780e-03
9     CPF     none  NA 20                1 12.183475 0.10412402   0.034524445  0.0015806520     1.7262222    0.07903260          2.1072951         0.15381623   6.610065e-03   1.320121e-03   0.0013252011   1.242338e-04
10     KM     none  NA 20                1 10.128918 0.08027679   0.008409368  0.0005982926     0.4204684    0.02991463          0.8837908         0.10547636   1.116378e+00   1.248623e-01   0.0763449764   2.686903e-03
11     LM     none  NA 20                1 12.178616 0.10406130   0.034557127  0.0015799515     1.7278564    0.07899758          2.1038293         0.15245041   0.000000e+00   0.000000e+00             NA             NA
12    OBS     none  NA 20                1 12.181271 0.10399151   0.034568183  0.0015785788     1.7284091    0.07892894          2.1038198         0.15241884   4.534258e-03   1.187637e-03   0.0016223420   1.426144e-04
   Var_e_hat_mean Var_e_hat_MCSE Var_a_MSE_mean Var_a_MSE_MCSE Var_b_MSE_mean Var_b_MSE_MCSE Var_e_MSE_mean Var_e_MSE_MCSE   G_MSE_mean   G_MSE_MCSE selected_K_mean selected_K_MCSE runtime_mean runtime_MCSE
1       11.815811     0.10662705     0.24993869   7.592766e-07   0.0099679780   2.713036e-07      8.1448084     0.65799730 2.877115e-04 5.408874e-09            1.00       0.0000000      0.38095 0.0071680853
2        9.608678     0.07363449     0.10024285   3.377462e-02   0.0004241418   1.114909e-04      0.4735074     0.09643003 4.669356e-05 1.261932e-05            3.85       0.4488289     22.12875 4.8685415864
3       11.791006     0.10543850     0.24377401   1.273005e-03   0.0097485113   1.773800e-05      8.0009416     0.64352706 2.811225e-04 6.083684e-07            8.15       0.2741014      1.61430 0.0420963244
4        9.929629     0.04858714     0.09732287   3.498909e-02   0.0008061958   1.310767e-04      0.9090641     0.10020907 5.291529e-05 1.332440e-05            2.00       0.0000000     71.47050 4.2020650265
5       11.812616     0.10659571     0.25000000   0.000000e+00             NA             NA      8.1266993     0.65711025           NA           NA            1.00       0.0000000      0.02165 0.0017595977
6       11.785537     0.10432659     0.24569895   1.136069e-03   0.0096810678   2.719763e-05      7.9660112     0.63365883 2.805661e-04 6.352859e-07           10.00       0.0000000      2.23995 0.1360037050
7       12.003481     0.11014319     5.06221970   3.453731e-06   0.0099674692   2.840772e-07      9.2513977     0.72301253 2.137867e-03 6.399532e-09            1.00       0.0000000      0.38305 0.0055409837
8        9.661790     0.07231017     1.29682925   2.500073e-01   0.0003899519   1.014703e-04      0.5373121     0.10201839 5.060849e-04 9.691185e-05            3.85       0.4488289     20.08355 4.0470517108
9       11.977112     0.10813808     5.03283151   5.916953e-03   0.0097370092   2.432770e-05      9.0853794     0.70012180 2.122138e-03 2.302943e-06            8.10       0.2704772      1.56285 0.0384474539
10       9.996178     0.04996231     1.58131982   2.139334e-01   0.0006967296   1.153168e-04      1.0397989     0.10807549 6.213596e-04 8.265149e-05            2.00       0.0000000     69.90625 4.0544566628
11      12.000236     0.11011110     5.06250000   0.000000e+00             NA             NA      9.2317779     0.72207336           NA           NA            1.00       0.0000000      0.01735 0.0002086927
12      11.972776     0.10771732     5.04214320   5.326026e-03   0.0096785500   2.776609e-05      9.0578559     0.69590601 2.124595e-03 2.040055e-06           10.00       0.0000000      1.88520 0.0367630106
   iterations_mean iterations_MCSE group_ARI_mean group_ARI_MCSE objective_mean objective_MCSE I_optimal_mean I_optimal_MCSE IMSPE_selected_mean IMSPE_selected_MCSE case R_setting Var_a_setting
1            27.00       0.0000000   0.0000000000   0.0000000000             NA             NA             NA             NA                  NA                  NA   11        10          0.50
2            18.70       6.2606120   0.3755604245   0.0296717612      -9.822693     0.05751680      0.8539253     0.08179482            9.822693          0.05751680   11        10          0.50
3           114.25       2.0581993  -0.0001461890   0.0002126538             NA             NA             NA             NA                  NA                  NA   11        10          0.50
4             7.00       0.2615742   0.2315044439   0.0065421959             NA             NA             NA             NA                  NA                  NA   11        10          0.50
5             1.00       0.0000000             NA             NA             NA             NA             NA             NA                  NA                  NA   11        10          0.50
6           129.70       1.8483278  -0.0002519361   0.0001109870             NA             NA             NA             NA                  NA                  NA   11        10          0.50
7            27.00       0.0000000   0.0000000000   0.0000000000             NA             NA             NA             NA                  NA                  NA   11        10          2.25
8             8.70       0.6030624   0.3755604245   0.0296717612      -9.878045     0.05594362      1.1109204     0.10909122            9.878045          0.05594362   11        10          2.25
9           112.80       2.4067886  -0.0004033760   0.0002558169             NA             NA             NA             NA                  NA                  NA   11        10          2.25
10            6.55       0.1352386   0.2315044439   0.0065421959             NA             NA             NA             NA                  NA                  NA   11        10          2.25
11            1.00       0.0000000             NA             NA             NA             NA             NA             NA                  NA                  NA   11        10          2.25
12          130.65       1.7141439  -0.0002519361   0.0001109870             NA             NA             NA             NA                  NA                  NA   11        10          2.25
