Host: erc-hpc-comp189
MODEL=RI CASE=8 R_LIST=20 VAR_A_LIST=0.5,2.25
LABEL_POLICY=unknown MIS_TYPE=none RHO=0 LAMBDA=0 CIRG_CRITERION=IMSPE
NLOOP=20 SA_MAX=25 EM_MAX=300 K_GRID_POINTS=8 N_CORES=8
============================================================
Method comparison
MODEL=RI cases=8 label_policy=unknown misspec=none rho=0
N=2500 p=50 R=20 Var.a=0.5,2.25
nloop=20 tau=255 lambda=0 CIRG_CRITERION=IMSPE
Budgets: SA_MAX=25 EM_MAX=300 K_GRID_POINTS=8 KMEANS_NUM_INIT=1 KMEANS_MAX_ITERS=25 CPF_LAMBDA_POINTS=6 CPF_MAX_ITER=300 BLM_NSTART=5 N_CORES=8
Methods: LM, KM, OBS, CPF, BLM, CIRG
============================================================

Running case=8 R=20 Var.a=0.5
Saved: results_comparison/RI_case8_R20_vara0.5_lambda0_none.rds 

Running case=8 R=20 Var.a=2.25
Saved: results_comparison/RI_case8_R20_vara2.25_lambda0_none.rds 

Finished. Elapsed minutes: 5.436083 
Saved combined: results_comparison/RI_cases8_R20_vara0.50-2.25_grid_lambda0_none.rds 

   method mis_type rho  n convergence_rate MSPE_mean  MSPE_MCSE beta_MSE_mean beta_MSE_MCSE beta_SSE_mean beta_SSE_MCSE intercept_MSE_mean intercept_MSE_MCSE Var_a_hat_mean Var_a_hat_MCSE Var_b_hat_mean Var_b_hat_MCSE
1     BLM     none  NA 20                1  9.500761 0.07437540   0.001962033  9.712970e-05    0.09810163   0.004856485         0.03391289        0.009353871   0.0176301751   2.178745e-03             NA             NA
2    CIRG     none  NA 20                1  9.483389 0.07351944   0.001961893  9.679275e-05    0.09809464   0.004839638         0.03286944        0.008549613   0.0001789236   8.141535e-06             NA             NA
3     CPF     none  NA 20                1  9.493822 0.07404998   0.001961400  9.688498e-05    0.09806998   0.004844249         0.03306704        0.008977662   0.0108791449   1.960475e-03             NA             NA
4      KM     none  NA 20                1  9.483455 0.07352788   0.001961818  9.679133e-05    0.09809090   0.004839566         0.03286402        0.008549609   0.0001678920   6.490788e-06             NA             NA
5      LM     none  NA 20                1  9.483262 0.07352219   0.001961760  9.673247e-05    0.09808799   0.004836624         0.03286920        0.008549522   0.0000000000   0.000000e+00             NA             NA
6     OBS     none  NA 20                1  9.485903 0.07355816   0.001962481  9.682846e-05    0.09812403   0.004841423         0.03287615        0.008554967   0.0039639748   1.359687e-03             NA             NA
7     BLM     none  NA 20                1 11.107250 0.18356584   0.002312272  1.199599e-04    0.11561362   0.005997995         0.15052409        0.038175253   0.0214367365   2.563475e-03             NA             NA
8    CIRG     none  NA 20                1 11.084948 0.18227244   0.002315832  1.200343e-04    0.11579159   0.006001714         0.14624942        0.037653553   0.0001956990   8.754951e-06             NA             NA
9     CPF     none  NA 20                1 11.099003 0.18322329   0.002314015  1.195249e-04    0.11570074   0.005976245         0.14709526        0.039030725   0.0138742709   2.222236e-03             NA             NA
10     KM     none  NA 20                1 11.085002 0.18226170   0.002315684  1.200141e-04    0.11578420   0.006000707         0.14623662        0.037653658   0.0001838045   7.073364e-06             NA             NA
11     LM     none  NA 20                1 11.084885 0.18231565   0.002315631  1.199548e-04    0.11578157   0.005997740         0.14624752        0.037653174   0.0000000000   0.000000e+00             NA             NA
12    OBS     none  NA 20                1 11.088008 0.18243443   0.002315392  1.199258e-04    0.11576961   0.005996290         0.14626140        0.037664432   0.0047735269   1.438345e-03             NA             NA
   Var_e_hat_mean Var_e_hat_MCSE Var_a_MSE_mean Var_a_MSE_MCSE Var_b_MSE_mean Var_b_MSE_MCSE Var_e_MSE_mean Var_e_MSE_MCSE G_MSE_mean G_MSE_MCSE selected_K_mean selected_K_MCSE runtime_mean runtime_MCSE iterations_mean
1        9.367773     0.04329830      0.2327708   2.090594e-03             NA             NA      0.1708773     0.03355874         NA         NA            7.00       0.0000000      0.19225 0.0185793993           20.60
2        9.382923     0.04337612      0.2498211   8.138323e-06             NA             NA      0.1823784     0.03476242         NA         NA            2.15       0.0819178     17.84420 0.9597358727           20.50
3        9.372755     0.04340106      0.2393122   1.902537e-03             NA             NA      0.1747359     0.03411638         NA         NA           11.70       0.3776660      0.45440 0.0489707431           44.40
4        9.382930     0.04337557      0.2498321   6.488265e-06             NA             NA      0.1823824     0.03476316         NA         NA            2.00       0.0000000     37.07145 2.4842692301           19.40
5        9.382824     0.04337451      0.2500000   0.000000e+00             NA             NA      0.1823001     0.03475362         NA         NA            1.00       0.0000000      0.01975 0.0005519106            1.00
6        9.379188     0.04342078      0.2460869   1.322873e-03             NA             NA      0.1796057     0.03466582         NA         NA           20.00       0.0000000      0.73385 0.0540003545           83.10
7       10.960457     0.16567978      4.9666191   1.142007e-02             NA             NA      4.3649394     0.74367860         NA         NA            7.00       0.0000000      0.20615 0.0327892212           21.95
8       10.979101     0.16601491      5.0616194   3.939347e-05             NA             NA      4.4404974     0.75170830         NA         NA            2.15       0.0819178     18.29355 1.1211277980           22.15
9       10.966244     0.16572103      5.0003521   9.916141e-03             NA             NA      4.3879205     0.74546022         NA         NA           11.40       0.3583588      0.41440 0.0427866433           40.65
10      10.979108     0.16601526      5.0616729   3.182717e-05             NA             NA      4.4405298     0.75170910         NA         NA            2.00       0.0000000     37.08695 2.5705014036           20.90
11      10.978994     0.16601090      5.0625000   0.000000e+00             NA             NA      4.4400510     0.75165868         NA         NA            1.00       0.0000000      0.01850 0.0004616903            1.00
12      10.974544     0.16606437      5.0410812   6.432534e-03             NA             NA      4.4227951     0.75084163         NA         NA           20.00       0.0000000      0.71980 0.0461346770           89.15
   iterations_MCSE group_ARI_mean group_ARI_MCSE objective_mean objective_MCSE I_optimal_mean I_optimal_MCSE IMSPE_selected_mean IMSPE_selected_MCSE case R_setting Var_a_setting
1        2.3613110  -1.098082e-04   1.951897e-04             NA             NA             NA             NA                  NA                  NA    8        20          0.50
2        0.9665457  -1.567479e-04   8.958296e-05      -9.496773     0.04385152       0.114222   0.0005058655            9.496773          0.04385152    8        20          0.50
3        6.2156001   1.296792e-04   2.464296e-04             NA             NA             NA             NA                  NA                  NA    8        20          0.50
4        0.8252591   1.499988e-06   8.200317e-05             NA             NA             NA             NA                  NA                  NA    8        20          0.50
5        0.0000000             NA             NA             NA             NA             NA             NA                  NA                  NA    8        20          0.50
6        4.7361432  -3.373013e-05   1.038553e-04             NA             NA             NA             NA                  NA                  NA    8        20          0.50
7        4.1482241   1.033071e-04   2.001372e-04             NA             NA             NA             NA                  NA                  NA    8        20          2.25
8        1.1385009  -1.567479e-04   8.958296e-05     -11.112293     0.16797881       0.133598   0.0019580682           11.112293          0.16797881    8        20          2.25
9        5.5285265   2.684468e-04   2.075859e-04             NA             NA             NA             NA                  NA                  NA    8        20          2.25
10       0.9676341   1.499988e-06   8.200317e-05             NA             NA             NA             NA                  NA                  NA    8        20          2.25
11       0.0000000             NA             NA             NA             NA             NA             NA                  NA                  NA    8        20          2.25
12       5.8414467  -3.373013e-05   1.038553e-04             NA             NA             NA             NA                  NA                  NA    8        20          2.25
