Host: erc-hpc-comp011
MODEL=RS CASE=14 R_LIST=50 VAR_A_LIST=0.5,2.25
LABEL_POLICY=unknown MIS_TYPE=none RHO=0 LAMBDA=0 CIRG_CRITERION=IMSPE
NLOOP=20 SA_MAX=25 EM_MAX=300 K_GRID_POINTS=8 N_CORES=8
============================================================
Method comparison
MODEL=RS cases=14 label_policy=unknown misspec=none rho=0
N=2500 p=50 R=50 Var.a=0.5,2.25
nloop=20 tau=255 lambda=0 CIRG_CRITERION=IMSPE
Budgets: SA_MAX=25 EM_MAX=300 K_GRID_POINTS=8 KMEANS_NUM_INIT=1 KMEANS_MAX_ITERS=25 CPF_LAMBDA_POINTS=6 CPF_MAX_ITER=300 BLM_NSTART=5 N_CORES=8
Methods: LM, KM, OBS, CPF, BLM, CIRG
============================================================

Running case=14 R=50 Var.a=0.5
Saved: results_comparison/RS_case14_R50_vara0.5_varb0.1_lambda0_none.rds 

Running case=14 R=50 Var.a=2.25
Saved: results_comparison/RS_case14_R50_vara2.25_varb0.1_lambda0_none.rds 

Finished. Elapsed minutes: 9.466867 
Saved combined: results_comparison/RS_cases14_R50_vara0.50-2.25_varb0.1_grid_lambda0_none.rds 

   method mis_type rho  n convergence_rate MSPE_mean MSPE_MCSE beta_MSE_mean beta_MSE_MCSE beta_SSE_mean beta_SSE_MCSE intercept_MSE_mean intercept_MSE_MCSE Var_a_hat_mean Var_a_hat_MCSE Var_b_hat_mean Var_b_hat_MCSE
1     BLM     none  NA 20                1  15.32014 0.1100608   0.004662180  0.0002948757     0.2331090    0.01474378         0.58019338         0.02326512   7.815765e-05   3.811733e-07   7.776184e-05   3.836278e-07
2    CIRG     none  NA 20                1  14.15441 0.1468564   0.004427941  0.0003286766     0.2213971    0.01643383         0.05017241         0.02696285   1.477966e-03   8.541136e-04   2.586283e-02   1.626940e-03
3     CPF     none  NA 20                1  15.34854 0.1072785   0.004656249  0.0002983829     0.2328124    0.01491914         0.58440945         0.08176757   1.774036e-01   1.805660e-02   1.666734e-04   6.778526e-06
4      KM     none  NA 20                1  14.39766 0.1686088   0.004383655  0.0002579064     0.2191827    0.01289532         0.13621816         0.04673034   4.732675e-04   1.110408e-04   2.106831e-02   2.708649e-03
5      LM     none  NA 20                1  15.32014 0.1100608   0.004662180  0.0002948757     0.2331090    0.01474378         0.58019338         0.02326512   0.000000e+00   0.000000e+00             NA             NA
6     OBS     none  NA 20                0  15.32989 0.1092746   0.004666123  0.0002950337     0.2333061    0.01475168         0.57946357         0.02311914   7.676559e-03   1.903665e-03   4.355053e-03   3.042331e-04
7     BLM     none  NA 20                1  16.58894 0.1260037   0.010588588  0.0005462955     0.5294294    0.02731478         0.60650613         0.03832095   8.434702e-05   4.525674e-07   8.391974e-05   4.533467e-07
8    CIRG     none  NA 20                1  15.43713 0.1600226   0.010019469  0.0005498227     0.5009735    0.02749114         0.05898900         0.02822567   4.485175e-03   1.663865e-03   2.540463e-02   1.599977e-03
9     CPF     none  NA 20                1  16.61830 0.1224186   0.010566574  0.0005476688     0.5283287    0.02738344         0.54867076         0.08271576   1.974226e-01   1.913543e-02   1.913716e-04   1.255504e-05
10     KM     none  NA 20                1  15.67386 0.1822105   0.009987286  0.0004559630     0.4993643    0.02279815         0.14192515         0.04844229   2.948779e-03   1.155155e-03   2.055091e-02   2.659948e-03
11     LM     none  NA 20                1  16.58894 0.1260037   0.010588588  0.0005462955     0.5294294    0.02731478         0.60650613         0.03832095   0.000000e+00   0.000000e+00             NA             NA
12    OBS     none  NA 20                0  16.59977 0.1247542   0.010591428  0.0005462274     0.5295714    0.02731137         0.60568304         0.03816083   8.917345e-03   2.183815e-03   4.708456e-03   3.748269e-04
   Var_e_hat_mean Var_e_hat_MCSE Var_a_MSE_mean Var_a_MSE_MCSE Var_b_MSE_mean Var_b_MSE_MCSE Var_e_MSE_mean Var_e_MSE_MCSE   G_MSE_mean   G_MSE_MCSE selected_K_mean selected_K_MCSE runtime_mean runtime_MCSE
1        15.20821     0.07433356      0.2499218   3.811136e-07    0.009984454   7.666573e-08       38.64688      0.9269786 0.0002880217 1.619675e-09            1.00       0.0000000      0.35070 2.735825e-03
2        14.02706     0.10852744      0.2485381   8.388341e-04    0.005546612   2.673363e-04       25.49509      1.1705263 0.0002021794 5.129644e-06            2.80       0.3371709     30.43240 3.481515e+00
3        15.17396     0.07291448      0.1102632   1.002511e-02    0.009966694   1.353427e-06       38.21881      0.9055454 0.0002339861 3.851267e-06            4.75       0.3618301      1.51260 9.089674e-02
4        14.26623     0.16157010      0.2495272   1.107448e-04    0.006369611   4.526533e-04       28.22916      1.7970552 0.0002183805 8.714918e-06            2.00       0.0000000     56.74905 4.380276e+00
5        15.20422     0.07431404      0.2500000   0.000000e+00             NA             NA       38.59727      0.9261410           NA           NA            1.00       0.0000000      0.00885 1.817314e-04
6        14.99637     0.06945714      0.2424512   1.843307e-03    0.009149715   5.770227e-05       36.04811      0.8357769 0.0002691030 1.375788e-06           50.00       0.0000000      7.55885 7.014501e-02
7        16.41256     0.08814504      5.0621204   2.036477e-06    0.009983223   9.059273e-08       55.09360      1.3238686 0.0021381321 2.522330e-09            1.00       0.0000000      0.34740 2.447770e-03
8        15.24478     0.11948560      5.0423894   7.447783e-03    0.005613107   2.630144e-04       39.26848      1.5699330 0.0020465378 6.064549e-06            2.80       0.3371709     27.95570 3.393430e+00
9        16.37185     0.08823661      4.2200310   7.661331e-02    0.009961765   2.504373e-06       54.49210      1.3184238 0.0018139636 2.944641e-05            5.00       0.3479262      1.57875 9.291575e-02
10       15.48692     0.17299944      5.0492645   5.179403e-03    0.006446589   4.454988e-04       42.64883      2.3587221 0.0020652034 9.492664e-06            2.00       0.0000000     56.81635 4.435530e+00
11       16.40825     0.08812190      5.0625000   0.000000e+00             NA             NA       55.02967      1.3227575           NA           NA            1.00       0.0000000      0.00875 9.933993e-05
12       16.18299     0.08262226      5.0225421   9.749656e-03    0.009083148   7.051072e-05       51.72498      1.2031054 0.0021056130 4.158323e-06           50.00       0.0000000      7.59880 7.008339e-02
   iterations_mean iterations_MCSE group_ARI_mean group_ARI_MCSE objective_mean objective_MCSE I_optimal_mean I_optimal_MCSE IMSPE_selected_mean IMSPE_selected_MCSE case R_setting Var_a_setting
1            26.00        0.000000   0.0000000000   0.000000e+00             NA             NA             NA             NA                  NA                  NA   14        50          0.50
2            52.55        5.397599   0.0082144381   5.104794e-04      -14.25007      0.1142831      0.6625652     0.05726347            14.25007           0.1142831   14        50          0.50
3            97.05        6.650079   0.0001360052   8.019916e-05             NA             NA             NA             NA                  NA                  NA   14        50          0.50
4            39.75        2.265154   0.0073056028   8.619416e-04             NA             NA             NA             NA                  NA                  NA   14        50          0.50
5             1.00        0.000000             NA             NA             NA             NA             NA             NA                  NA                  NA   14        50          0.50
6           300.00        0.000000  -0.0001043958   1.635189e-04             NA             NA             NA             NA                  NA                  NA   14        50          0.50
7            26.00        0.000000   0.0000000000   0.000000e+00             NA             NA             NA             NA                  NA                  NA   14        50          2.25
8            49.95        7.032808   0.0082144381   5.104794e-04      -15.48483      0.1263147      0.6609614     0.05603882            15.48483           0.1263147   14        50          2.25
9           102.85        6.759895   0.0001063727   7.860868e-05             NA             NA             NA             NA                  NA                  NA   14        50          2.25
10           36.05        2.651191   0.0073056028   8.619416e-04             NA             NA             NA             NA                  NA                  NA   14        50          2.25
11            1.00        0.000000             NA             NA             NA             NA             NA             NA                  NA                  NA   14        50          2.25
12          300.00        0.000000  -0.0001043958   1.635189e-04             NA             NA             NA             NA                  NA                  NA   14        50          2.25
