Host: erc-hpc-comp189
MODEL=RI CASE=5 R_LIST=20 VAR_A_LIST=0.5,2.25
LABEL_POLICY=unknown MIS_TYPE=none RHO=0 LAMBDA=0 CIRG_CRITERION=IMSPE
NLOOP=20 SA_MAX=25 EM_MAX=300 K_GRID_POINTS=8 N_CORES=8
============================================================
Method comparison
MODEL=RI cases=5 label_policy=unknown misspec=none rho=0
N=2500 p=50 R=20 Var.a=0.5,2.25
nloop=20 tau=255 lambda=0 CIRG_CRITERION=IMSPE
Budgets: SA_MAX=25 EM_MAX=300 K_GRID_POINTS=8 KMEANS_NUM_INIT=1 KMEANS_MAX_ITERS=25 CPF_LAMBDA_POINTS=6 CPF_MAX_ITER=300 BLM_NSTART=5 N_CORES=8
Methods: LM, KM, OBS, CPF, BLM, CIRG
============================================================

Running case=5 R=20 Var.a=0.5
Saved: results_comparison/RI_case5_R20_vara0.5_lambda0_none.rds 

Running case=5 R=20 Var.a=2.25
Saved: results_comparison/RI_case5_R20_vara2.25_lambda0_none.rds 

Finished. Elapsed minutes: 10.08637 
Saved combined: results_comparison/RI_cases5_R20_vara0.50-2.25_grid_lambda0_none.rds 

   method mis_type rho  n convergence_rate MSPE_mean  MSPE_MCSE beta_MSE_mean beta_MSE_MCSE beta_SSE_mean beta_SSE_MCSE intercept_MSE_mean intercept_MSE_MCSE Var_a_hat_mean Var_a_hat_MCSE Var_b_hat_mean Var_b_hat_MCSE
1     BLM     none  NA 20                1  9.446313 0.07259073  0.0009233700  4.306130e-05    0.04616850   0.002153065         0.03313238        0.008217514   0.0183882252   2.604847e-03             NA             NA
2    CIRG     none  NA 20                1  9.429401 0.07164936  0.0009215243  4.315176e-05    0.04607621   0.002157588         0.03276933        0.008333888   0.0006787689   3.299906e-04             NA             NA
3     CPF     none  NA 20                1  9.438743 0.07218513  0.0009226993  4.314414e-05    0.04613497   0.002157207         0.03339372        0.008717322   0.0106633174   1.951327e-03             NA             NA
4      KM     none  NA 20                1  9.428920 0.07164708  0.0009232274  4.334059e-05    0.04616137   0.002167029         0.03274638        0.008343857   0.0001718552   1.061922e-05             NA             NA
5      LM     none  NA 20                1  9.428914 0.07164490  0.0009234489  4.337167e-05    0.04617244   0.002168584         0.03274587        0.008343807   0.0000000000   0.000000e+00             NA             NA
6     OBS     none  NA 20                1  9.431439 0.07168209  0.0009228743  4.307408e-05    0.04614371   0.002153704         0.03275021        0.008347189   0.0038611186   1.317548e-03             NA             NA
7     BLM     none  NA 20                1 11.036990 0.18480428  0.0010807512  5.369665e-05    0.05403756   0.002684832         0.15536135        0.041152322   0.0225366763   3.029626e-03             NA             NA
8    CIRG     none  NA 20                1 11.015198 0.18372818  0.0010787362  5.427924e-05    0.05393681   0.002713962         0.14610557        0.037387219   0.0005226312   2.210781e-04             NA             NA
9     CPF     none  NA 20                1 11.027068 0.18453397  0.0010817660  5.382268e-05    0.05408830   0.002691134         0.14328196        0.036658427   0.0136812604   2.253831e-03             NA             NA
10     KM     none  NA 20                1 11.014849 0.18378209  0.0010809529  5.420824e-05    0.05404764   0.002710412         0.14608504        0.037408872   0.0001800523   6.249938e-06             NA             NA
11     LM     none  NA 20                1 11.014830 0.18377791  0.0010810560  5.422891e-05    0.05405280   0.002711445         0.14609028        0.037409975   0.0000000000   0.000000e+00             NA             NA
12    OBS     none  NA 20                1 11.018006 0.18388932  0.0010809305  5.396241e-05    0.05404653   0.002698121         0.14609871        0.037417163   0.0048328365   1.461050e-03             NA             NA
   Var_e_hat_mean Var_e_hat_MCSE Var_a_MSE_mean Var_a_MSE_MCSE Var_b_MSE_mean Var_b_MSE_MCSE Var_e_MSE_mean Var_e_MSE_MCSE G_MSE_mean G_MSE_MCSE selected_K_mean selected_K_MCSE runtime_mean runtime_MCSE iterations_mean
1        9.368668     0.04366659      0.2320788   2.463912e-03             NA             NA      0.1721445     0.03429537         NA         NA            6.85       0.0819178      0.18665 0.0189483057           20.35
2        9.383469     0.04385517      0.2493238   3.282337e-04             NA             NA      0.1835907     0.03556938         NA         NA            2.45       0.2562380     16.38450 1.0675183112           25.85
3        9.374061     0.04378859      0.2395227   1.883928e-03             NA             NA      0.1763531     0.03480204         NA         NA           11.45       0.3515005      0.42115 0.0443421075           43.85
4        9.383899     0.04376816      0.2498282   1.061389e-05             NA             NA      0.1837759     0.03553872         NA         NA            2.00       0.0000000     80.15585 5.4847356211           21.15
5        9.383800     0.04377151      0.2500000   0.000000e+00             NA             NA      0.1837058     0.03553118         NA         NA            1.00       0.0000000      0.01790 0.0005567764            1.00
6        9.380266     0.04385039      0.2461868   1.282812e-03             NA             NA      0.1811364     0.03548313         NA         NA           20.00       0.0000000      0.68085 0.0396037129           84.05
7       10.961692     0.16539508      4.9617673   1.345966e-02             NA             NA      4.3679911     0.74150552         NA         NA            7.00       0.0000000      0.19405 0.0298853489           21.30
8       10.980061     0.16577100      5.0601494   9.939379e-04             NA             NA      4.4427633     0.74925016         NA         NA            2.50       0.2564946     16.99405 1.0830500389           29.70
9       10.968000     0.16554692      5.0012180   1.005889e-02             NA             NA      4.3937349     0.74396874         NA         NA           11.35       0.4308804      0.42385 0.0483109051           43.80
10      10.980381     0.16572134      5.0616898   2.812220e-05             NA             NA      4.4437165     0.74913920         NA         NA            2.00       0.0000000     79.94820 5.5446286951           21.05
11      10.980265     0.16571993      5.0625000   0.000000e+00             NA             NA      4.4432473     0.74908711         NA         NA            1.00       0.0000000      0.01700 0.0002051957            1.00
12      10.975754     0.16579814      5.0408162   6.534308e-03             NA             NA      4.4258936     0.74855726         NA         NA           20.00       0.0000000      0.70150 0.0456412498           89.35
   iterations_MCSE group_ARI_mean group_ARI_MCSE objective_mean objective_MCSE I_optimal_mean I_optimal_MCSE IMSPE_selected_mean IMSPE_selected_MCSE case R_setting Var_a_setting
1         2.403150   1.551127e-04   2.517919e-04             NA             NA             NA             NA                  NA                  NA    5        20          0.50
2         3.627581   7.504933e-05   8.216321e-05      -9.447881     0.04414409     0.06456589   0.0003142963            9.447881          0.04414409    5        20          0.50
3         5.613084  -4.702921e-05   1.843973e-04             NA             NA             NA             NA                  NA                  NA    5        20          0.50
4         2.564202   1.185928e-06   7.245106e-05             NA             NA             NA             NA                  NA                  NA    5        20          0.50
5         0.000000             NA             NA             NA             NA             NA             NA                  NA                  NA    5        20          0.50
6         4.811431  -3.373013e-05   1.038553e-04             NA             NA             NA             NA                  NA                  NA    5        20          0.50
7         3.915623  -6.662493e-05   1.627404e-04             NA             NA             NA             NA                  NA                  NA    5        20          2.25
8         4.521935   6.870109e-05   7.967706e-05     -11.055361     0.16689335     0.07543738   0.0011222832           11.055361          0.16689335    5        20          2.25
9         6.373300   1.303023e-04   2.349455e-04             NA             NA             NA             NA                  NA                  NA    5        20          2.25
10        1.098983   1.185928e-06   7.245106e-05             NA             NA             NA             NA                  NA                  NA    5        20          2.25
11        0.000000             NA             NA             NA             NA             NA             NA                  NA                  NA    5        20          2.25
12        5.964489  -3.373013e-05   1.038553e-04             NA             NA             NA             NA                  NA                  NA    5        20          2.25
