Host: erc-hpc-comp188
MODEL=RS CASE=13 R_LIST=50 VAR_A_LIST=0.5,2.25
LABEL_POLICY=unknown MIS_TYPE=none RHO=0 LAMBDA=0 CIRG_CRITERION=IMSPE
NLOOP=20 SA_MAX=25 EM_MAX=300 K_GRID_POINTS=8 N_CORES=8
============================================================
Method comparison
MODEL=RS cases=13 label_policy=unknown misspec=none rho=0
N=2500 p=50 R=50 Var.a=0.5,2.25
nloop=20 tau=255 lambda=0 CIRG_CRITERION=IMSPE
Budgets: SA_MAX=25 EM_MAX=300 K_GRID_POINTS=8 KMEANS_NUM_INIT=1 KMEANS_MAX_ITERS=25 CPF_LAMBDA_POINTS=6 CPF_MAX_ITER=300 BLM_NSTART=5 N_CORES=8
Methods: LM, KM, OBS, CPF, BLM, CIRG
============================================================

Running case=13 R=50 Var.a=0.5
Saved: results_comparison/RS_case13_R50_vara0.5_varb0.1_lambda0_none.rds 

Running case=13 R=50 Var.a=2.25
Saved: results_comparison/RS_case13_R50_vara2.25_varb0.1_lambda0_none.rds 

Finished. Elapsed minutes: 10.81025 
Saved combined: results_comparison/RS_cases13_R50_vara0.50-2.25_varb0.1_grid_lambda0_none.rds 

   method mis_type rho  n convergence_rate MSPE_mean  MSPE_MCSE beta_MSE_mean beta_MSE_MCSE beta_SSE_mean beta_SSE_MCSE intercept_MSE_mean intercept_MSE_MCSE Var_a_hat_mean Var_a_hat_MCSE Var_b_hat_mean Var_b_hat_MCSE
1     BLM     none  NA 20                1  13.36708 0.07408467   0.009075936  0.0004464178     0.4537968    0.02232089          0.2288097         0.04460582   6.874106e-05   3.593320e-07   0.0001423272   7.252010e-07
2    CIRG     none  NA 20                1  12.92009 0.10664428   0.008823186  0.0005550357     0.4411593    0.02775178          0.1979783         0.03032475   5.148063e-03   2.803095e-03   0.0169152237   2.326113e-03
3     CPF     none  NA 20                1  13.39496 0.07312588   0.009068862  0.0004495179     0.4534431    0.02247590          0.1842699         0.04451704   1.675872e-01   1.832580e-02   0.0002726728   1.891295e-05
4      KM     none  NA 20                1  13.09269 0.08558610   0.008894665  0.0004542949     0.4447333    0.02271474          0.2529130         0.04190521   6.165410e-03   3.332438e-03   0.0096730936   1.109055e-03
5      LM     none  NA 20                1  13.36708 0.07408467   0.009075936  0.0004464178     0.4537968    0.02232089          0.2288097         0.04460582   0.000000e+00   0.000000e+00             NA             NA
6     OBS     none  NA 20                0  13.37489 0.07509348   0.009077130  0.0004472270     0.4538565    0.02236135          0.2283833         0.04446674   6.541458e-03   1.905696e-03   0.0068670417   5.082023e-04
7     BLM     none  NA 20                1  14.64575 0.08861737   0.022350939  0.0006906487     1.1175469    0.03453244          0.2310429         0.04828718   7.494974e-05   4.268882e-07   0.0001551780   8.733930e-07
8    CIRG     none  NA 20                1  14.18543 0.12213597   0.021443450  0.0008884531     1.0721725    0.04442265          0.2034422         0.03284202   1.712013e-02   5.723887e-03   0.0173383274   2.455430e-03
9     CPF     none  NA 20                1  14.67374 0.08768507   0.022346049  0.0006947143     1.1173024    0.03473571          0.2165921         0.05254627   1.745706e-01   1.872060e-02   0.0002786729   1.283895e-05
10     KM     none  NA 20                1  14.36171 0.10425407   0.022018182  0.0006749014     1.1009091    0.03374507          0.2552453         0.04421064   7.835283e-03   4.005317e-03   0.0100223736   1.142312e-03
11     LM     none  NA 20                1  14.64575 0.08861737   0.022350939  0.0006906487     1.1175469    0.03453244          0.2310429         0.04828718   0.000000e+00   0.000000e+00             NA             NA
12    OBS     none  NA 20                0  14.65336 0.08934708   0.022356851  0.0006909093     1.1178425    0.03454547          0.2306199         0.04813657   7.472047e-03   2.210731e-03   0.0073201800   5.214778e-04
   Var_e_hat_mean Var_e_hat_MCSE Var_a_MSE_mean Var_a_MSE_MCSE Var_b_MSE_mean Var_b_MSE_MCSE Var_e_MSE_mean Var_e_MSE_MCSE   G_MSE_mean   G_MSE_MCSE selected_K_mean selected_K_MCSE runtime_mean runtime_MCSE
1        13.34093     0.06800760      0.2499313   3.592831e-07    0.009971555   1.448355e-07       18.93155      0.5755710 0.0002877774 2.920935e-09            1.00       0.0000000      0.39685 0.0288996699
2        12.84009     0.10600640      0.2450277   2.673480e-03    0.007005885   3.789191e-04       14.95977      0.7845206 0.0002288820 7.276539e-06            3.60       0.5301440     34.11050 4.9075652204
3        13.30930     0.06755985      0.1168791   9.519861e-03    0.009945547   3.768350e-06       18.65679      0.5675023 0.0002361232 3.635208e-06            4.80       0.3947018      1.83770 0.2208639150
4        13.06259     0.08686746      0.2440836   3.169386e-03    0.008182320   1.973516e-04       16.64803      0.6733857 0.0002511340 3.574434e-06            2.00       0.0000000     74.27740 8.7056597895
5        13.33740     0.06798960      0.2500000   0.000000e+00             NA             NA       18.90084      0.5749424           NA           NA            1.00       0.0000000      0.01435 0.0018169885
6        13.18098     0.06438443      0.2435703   1.836830e-03    0.008678655   9.280340e-05       17.55936      0.5249104 0.0002604779 2.010923e-06           50.00       0.0000000     11.89765 1.5205138177
7        14.60223     0.09130839      5.0621627   1.920934e-06    0.009968988   1.744118e-07       31.54342      0.9883462 0.0021378747 4.085609e-09            1.00       0.0000000      0.34515 0.0058576423
8        14.08516     0.13346389      4.9863750   2.535662e-02    0.006947506   3.965684e-04       26.19729      1.2824908 0.0020506537 1.436676e-05            3.60       0.5301440     31.23405 5.5666590223
9        14.57141     0.09084873      4.3140659   7.554781e-02    0.009944346   2.559455e-06       31.19738      0.9780457 0.0018497821 2.904409e-05            4.75       0.3151858      1.58520 0.1113275301
10       14.31506     0.11303891      5.0276074   1.779280e-02    0.008120766   2.011530e-04       28.49263      1.1419566 0.0020890603 6.791184e-06            2.00       0.0000000     56.08020 3.4348702332
11       14.59838     0.09128888      5.0625000   0.000000e+00             NA             NA       31.50020      0.9874492           NA           NA            1.00       0.0000000      0.01105 0.0008750188
12       14.43205     0.08840996      5.0290245   9.864839e-03    0.008594716   9.472004e-05       29.65564      0.9309141 0.0020987160 4.665544e-06           50.00       0.0000000      9.01780 0.5473800691
   iterations_mean iterations_MCSE group_ARI_mean group_ARI_MCSE objective_mean objective_MCSE I_optimal_mean I_optimal_MCSE IMSPE_selected_mean IMSPE_selected_MCSE case R_setting Var_a_setting
1            26.00      0.00000000   0.000000e+00   0.000000e+00             NA             NA             NA             NA                  NA                  NA   13        50          0.50
2            65.20     10.38764448   4.557661e-02   3.833876e-03      -13.04761     0.08922661      0.2142049    0.009462761            13.04761          0.08922661   13        50          0.50
3           117.30     11.44094678   7.956033e-05   7.656877e-05             NA             NA             NA             NA                  NA                  NA   13        50          0.50
4            37.95      3.21548474   3.330101e-02   7.694205e-04             NA             NA             NA             NA                  NA                  NA   13        50          0.50
5             1.00      0.00000000             NA             NA             NA             NA             NA             NA                  NA                  NA   13        50          0.50
6           300.00      0.00000000  -1.043958e-04   1.635189e-04             NA             NA             NA             NA                  NA                  NA   13        50          0.50
7            26.10      0.06882472   0.000000e+00   0.000000e+00             NA             NA             NA             NA                  NA                  NA   13        50          2.25
8            52.70      9.75896349   4.557661e-02   3.833876e-03      -14.30904     0.11569333      0.2288742    0.010406704            14.30904          0.11569333   13        50          2.25
9           115.65      8.48691718  -5.910795e-06   7.762390e-05             NA             NA             NA             NA                  NA                  NA   13        50          2.25
10           35.85      2.72346045   3.330101e-02   7.694205e-04             NA             NA             NA             NA                  NA                  NA   13        50          2.25
11            1.00      0.00000000             NA             NA             NA             NA             NA             NA                  NA                  NA   13        50          2.25
12          300.00      0.00000000  -1.043958e-04   1.635189e-04             NA             NA             NA             NA                  NA                  NA   13        50          2.25
