Host: erc-hpc-comp014
MODEL=RI CASE=12 R_LIST=10 VAR_A_LIST=0.5,2.25
LABEL_POLICY=unknown MIS_TYPE=none RHO=0 LAMBDA=0 CIRG_CRITERION=IMSPE
NLOOP=20 SA_MAX=25 EM_MAX=300 K_GRID_POINTS=8 N_CORES=8
============================================================
Method comparison
MODEL=RI cases=12 label_policy=unknown misspec=none rho=0
N=2500 p=50 R=10 Var.a=0.5,2.25
nloop=20 tau=255 lambda=0 CIRG_CRITERION=IMSPE
Budgets: SA_MAX=25 EM_MAX=300 K_GRID_POINTS=8 KMEANS_NUM_INIT=1 KMEANS_MAX_ITERS=25 CPF_LAMBDA_POINTS=6 CPF_MAX_ITER=300 BLM_NSTART=5 N_CORES=8
Methods: LM, KM, OBS, CPF, BLM, CIRG
============================================================

Running case=12 R=10 Var.a=0.5
Saved: results_comparison/RI_case12_R10_vara0.5_lambda0_none.rds 

Running case=12 R=10 Var.a=2.25
Saved: results_comparison/RI_case12_R10_vara2.25_lambda0_none.rds 

Finished. Elapsed minutes: 6.938633 
Saved combined: results_comparison/RI_cases12_R10_vara0.50-2.25_grid_lambda0_none.rds 

   method mis_type rho  n convergence_rate MSPE_mean  MSPE_MCSE beta_MSE_mean beta_MSE_MCSE beta_SSE_mean beta_SSE_MCSE intercept_MSE_mean intercept_MSE_MCSE Var_a_hat_mean Var_a_hat_MCSE Var_b_hat_mean Var_b_hat_MCSE
1     BLM     none  NA 20                1  9.290177 0.05110715   0.004827164  0.0001736117     0.2413582   0.008680587        0.006043158        0.001515428    0.003308635   0.0008443466             NA             NA
2    CIRG     none  NA 20                1  9.281675 0.05202798   0.004061488  0.0002030807     0.2030744   0.010154036        0.005485511        0.001705802    0.025401417   0.0052841316             NA             NA
3     CPF     none  NA 20                1  9.289614 0.05109847   0.004827047  0.0001740811     0.2413523   0.008704057        0.006308358        0.001499481    0.002020371   0.0005792878             NA             NA
4      KM     none  NA 20                1  9.281951 0.05227893   0.004030965  0.0001806082     0.2015483   0.009030409        0.006051696        0.001707013    0.024423189   0.0052240342             NA             NA
5      LM     none  NA 20                1  9.289549 0.05120608   0.004826084  0.0001742630     0.2413042   0.008713150        0.006246502        0.001478623    0.000000000   0.0000000000             NA             NA
6     OBS     none  NA 20                1  9.289439 0.05110744   0.004825956  0.0001740998     0.2412978   0.008704989        0.006245963        0.001478513    0.001336735   0.0003872853             NA             NA
7     BLM     none  NA 20                1 10.096562 0.06309296   0.012434842  0.0004772267     0.6217421   0.023861337        0.024520416        0.007328950    0.003243642   0.0007987508             NA             NA
8    CIRG     none  NA 20                1 10.042845 0.06384705   0.007747403  0.0003953012     0.3873701   0.019765059        0.022074745        0.008343343    0.138690259   0.0162788533             NA             NA
9     CPF     none  NA 20                1 10.095739 0.06300900   0.012434644  0.0004774998     0.6217322   0.023874992        0.024844227        0.007440478    0.001927778   0.0004908838             NA             NA
10     KM     none  NA 20                1 10.049090 0.06379094   0.007820227  0.0004315438     0.3910113   0.021577192        0.023877123        0.008302545    0.137867617   0.0170479999             NA             NA
11     LM     none  NA 20                1 10.095483 0.06305562   0.012433686  0.0004774188     0.6216843   0.023870942        0.024781493        0.007186936    0.000000000   0.0000000000             NA             NA
12    OBS     none  NA 20                1 10.095547 0.06299778   0.012433973  0.0004773668     0.6216987   0.023868338        0.024779470        0.007185737    0.001298834   0.0003604561             NA             NA
   Var_e_hat_mean Var_e_hat_MCSE Var_a_MSE_mean Var_a_MSE_MCSE Var_b_MSE_mean Var_b_MSE_MCSE Var_e_MSE_mean Var_e_MSE_MCSE G_MSE_mean G_MSE_MCSE selected_K_mean selected_K_MCSE runtime_mean runtime_MCSE iterations_mean
1        9.143634     0.03549890      0.2467159   0.0008337352             NA             NA     0.04457402    0.008527055         NA         NA            5.85       0.0819178      0.32805  0.027587800           42.75
2        9.136720     0.03557890      0.2257743   0.0049070841             NA             NA     0.04274368    0.008380291         NA         NA            3.00       0.7071068     15.56370  1.648722451           21.65
3        9.144776     0.03543468      0.2479901   0.0005736173             NA             NA     0.04481676    0.008623251         NA         NA            7.45       0.2457534      0.44265  0.021087322           52.05
4        9.137703     0.03519861      0.2266918   0.0048555061             NA             NA     0.04250193    0.008410405         NA         NA            2.00       0.0000000     55.70090  5.206609876           18.30
5        9.146502     0.03526728      0.2500000   0.0000000000             NA             NA     0.04509463    0.008726411         NA         NA            1.00       0.0000000      0.01880  0.001348684            1.00
6        9.145482     0.03534316      0.2486679   0.0003846314             NA             NA     0.04489864    0.008652879         NA         NA           10.00       0.0000000      0.49470  0.032336723           56.65
7        9.933350     0.05189482      5.0479263   0.0035847568             NA             NA     0.92230970    0.096726812         NA         NA            5.85       0.0819178      0.39385  0.039371595           44.70
8        9.890443     0.05180621      4.4626638   0.0682741765             NA             NA     0.84388164    0.092886159         NA         NA            2.25       0.1601808     14.00235  1.795122431            8.45
9        9.934563     0.05177099      5.0538333   0.0022050285             NA             NA     0.92433159    0.096720475         NA         NA            7.75       0.2279774      0.52665  0.038261171           53.40
10       9.891373     0.05179595      4.4666253   0.0717078137             NA             NA     0.84551870    0.092951559         NA         NA            2.00       0.0000000     56.31635  5.112423657           12.40
11       9.936217     0.05160577      5.0625000   0.0000000000             NA             NA     0.92710164    0.096733811         NA         NA            1.00       0.0000000      0.01905  0.001466243            1.00
12       9.935254     0.05175388      5.0566594   0.0016196494             NA             NA     0.92559071    0.096773696         NA         NA           10.00       0.0000000      0.54445  0.045304959           59.45
   iterations_MCSE group_ARI_mean group_ARI_MCSE objective_mean objective_MCSE I_optimal_mean I_optimal_MCSE IMSPE_selected_mean IMSPE_selected_MCSE case R_setting Var_a_setting
1        3.8756154  -1.628131e-04   0.0002978567             NA             NA             NA             NA                  NA                  NA   12        10          0.50
2        3.6514417   1.312579e-01   0.0087793489      -9.200494     0.03566411     0.07601457    0.002797247            9.200494          0.03566411   12        10          0.50
3        2.9464296  -3.099221e-04   0.0002981666             NA             NA             NA             NA                  NA                  NA   12        10          0.50
4        2.7664341   1.348720e-01   0.0079719194             NA             NA             NA             NA                  NA                  NA   12        10          0.50
5        0.0000000             NA             NA             NA             NA             NA             NA                  NA                  NA   12        10          0.50
6        2.4053395  -2.519361e-04   0.0001109870             NA             NA             NA             NA                  NA                  NA   12        10          0.50
7        3.5117097   5.714584e-05   0.0003623009             NA             NA             NA             NA                  NA                  NA   12        10          2.25
8        0.5154201   1.368314e-01   0.0084656662      -9.959708     0.05216726     0.13748982    0.008258107            9.959708          0.05216726   12        10          2.25
9        2.6381812  -1.525393e-04   0.0002726937             NA             NA             NA             NA                  NA                  NA   12        10          2.25
10       4.4599976   1.348720e-01   0.0079719194             NA             NA             NA             NA                  NA                  NA   12        10          2.25
11       0.0000000             NA             NA             NA             NA             NA             NA                  NA                  NA   12        10          2.25
12       2.4660591  -2.519361e-04   0.0001109870             NA             NA             NA             NA                  NA                  NA   12        10          2.25
