Host: erc-hpc-comp189
MODEL=RI CASE=5 R_LIST=10 VAR_A_LIST=0.5,2.25
LABEL_POLICY=unknown MIS_TYPE=none RHO=0 LAMBDA=0 CIRG_CRITERION=IMSPE
NLOOP=20 SA_MAX=25 EM_MAX=300 K_GRID_POINTS=8 N_CORES=8
============================================================
Method comparison
MODEL=RI cases=5 label_policy=unknown misspec=none rho=0
N=2500 p=50 R=10 Var.a=0.5,2.25
nloop=20 tau=255 lambda=0 CIRG_CRITERION=IMSPE
Budgets: SA_MAX=25 EM_MAX=300 K_GRID_POINTS=8 KMEANS_NUM_INIT=1 KMEANS_MAX_ITERS=25 CPF_LAMBDA_POINTS=6 CPF_MAX_ITER=300 BLM_NSTART=5 N_CORES=8
Methods: LM, KM, OBS, CPF, BLM, CIRG
============================================================

Running case=5 R=10 Var.a=0.5
Saved: results_comparison/RI_case5_R10_vara0.5_lambda0_none.rds 

Running case=5 R=10 Var.a=2.25
Saved: results_comparison/RI_case5_R10_vara2.25_lambda0_none.rds 

Finished. Elapsed minutes: 10.28877 
Saved combined: results_comparison/RI_cases5_R10_vara0.50-2.25_grid_lambda0_none.rds 

   method mis_type rho  n convergence_rate MSPE_mean  MSPE_MCSE beta_MSE_mean beta_MSE_MCSE beta_SSE_mean beta_SSE_MCSE intercept_MSE_mean intercept_MSE_MCSE Var_a_hat_mean Var_a_hat_MCSE Var_b_hat_mean Var_b_hat_MCSE
1     BLM     none  NA 20                1  9.408094 0.07791624  0.0009577991  3.824434e-05    0.04788996   0.001912217         0.05846241         0.01714465    0.004251170   0.0012164059             NA             NA
2    CIRG     none  NA 20                1  9.406448 0.07784998  0.0009746839  4.131712e-05    0.04873420   0.002065856         0.05793354         0.01692307    0.002432987   0.0010720705             NA             NA
3     CPF     none  NA 20                1  9.407212 0.07796263  0.0009578709  3.825702e-05    0.04789355   0.001912851         0.05882499         0.01724912    0.002932090   0.0008389904             NA             NA
4      KM     none  NA 20                1  9.406250 0.07801009  0.0009684291  4.194063e-05    0.04842145   0.002097031         0.05781875         0.01694344    0.001573789   0.0010010462             NA             NA
5      LM     none  NA 20                1  9.406121 0.07798593  0.0009575624  3.806386e-05    0.04787812   0.001903193         0.05838029         0.01701271    0.000000000   0.0000000000             NA             NA
6     OBS     none  NA 20                1  9.406577 0.07800672  0.0009577045  3.811732e-05    0.04788522   0.001905866         0.05837821         0.01701268    0.002045962   0.0006534199             NA             NA
7     BLM     none  NA 20                1 10.854378 0.22114317  0.0011028743  4.600359e-05    0.05514371   0.002300179         0.25054798         0.07640843    0.004520993   0.0012261681             NA             NA
8    CIRG     none  NA 20                1 10.852980 0.22111921  0.0011194352  4.707238e-05    0.05597176   0.002353619         0.24898603         0.07599530    0.002571259   0.0011275604             NA             NA
9     CPF     none  NA 20                1 10.853592 0.22120895  0.0011025542  4.602091e-05    0.05512771   0.002301046         0.24921924         0.07618995    0.003185098   0.0009559185             NA             NA
10     KM     none  NA 20                1 10.852162 0.22123321  0.0011125915  4.841042e-05    0.05562957   0.002420521         0.24921490         0.07607931    0.001729951   0.0010764005             NA             NA
11     LM     none  NA 20                1 10.852145 0.22122244  0.0011021748  4.579621e-05    0.05510874   0.002289811         0.25054771         0.07633987    0.000000000   0.0000000000             NA             NA
12    OBS     none  NA 20                1 10.852606 0.22124452  0.0011022668  4.591723e-05    0.05511334   0.002295862         0.25054600         0.07634048    0.002043680   0.0006230719             NA             NA
   Var_e_hat_mean Var_e_hat_MCSE Var_a_MSE_mean Var_a_MSE_MCSE Var_b_MSE_mean Var_b_MSE_MCSE Var_e_MSE_mean Var_e_MSE_MCSE G_MSE_mean G_MSE_MCSE selected_K_mean selected_K_MCSE runtime_mean runtime_MCSE iterations_mean
1        9.316632     0.04735171      0.2457950   0.0011959994             NA             NA      0.1428572     0.03684563         NA         NA            5.95       0.0500000      0.33065 0.0265409589           37.15
2        9.319009     0.04719163      0.2475948   0.0010559040             NA             NA      0.1440808     0.03675880         NA         NA            2.45       0.2562380     23.61830 4.2154802730           28.80
3        9.317689     0.04731882      0.2470899   0.0008291935             NA             NA      0.1434689     0.03687151         NA         NA            7.25       0.2603136      0.42635 0.0227394018           43.75
4        9.319616     0.04730178      0.2484477   0.0009846534             NA             NA      0.1446660     0.03695108         NA         NA            2.00       0.0000000     73.77440 4.5018445146           22.00
5        9.320187     0.04724980      0.2500000   0.0000000000             NA             NA      0.1449379     0.03690220         NA         NA            1.00       0.0000000      0.01925 0.0009621112            1.00
6        9.318471     0.04731393      0.2479663   0.0006463024             NA             NA      0.1439573     0.03690932         NA         NA           10.00       0.0000000      0.44510 0.0207934580           50.30
7       10.732202     0.19517462      5.0422045   0.0054983608             NA             NA      3.7242916     0.88789164         NA         NA            6.00       0.0000000      0.35045 0.0276340251           39.45
8       10.734718     0.19519063      5.0509601   0.0050561624             NA             NA      3.7331353     0.88848461         NA         NA            2.85       0.4184873     24.81980 4.2601843045           34.95
9       10.733212     0.19514856      5.0481946   0.0042886742             NA             NA      3.7276003     0.88798579         NA         NA            7.40       0.2554665      0.43995 0.0260433318           46.05
10      10.735321     0.19510619      5.0547402   0.0048255230             NA             NA      3.7346004     0.88836603         NA         NA            2.00       0.0000000     73.58760 4.5533492152           25.05
11      10.735964     0.19509280      5.0625000   0.0000000000             NA             NA      3.7367348     0.88819260         NA         NA            1.00       0.0000000      0.01900 0.0011765248            1.00
12      10.734281     0.19510393      5.0533150   0.0027974883             NA             NA      3.7309775     0.88796762         NA         NA           10.00       0.0000000      0.48805 0.0230729364           54.50
   iterations_MCSE group_ARI_mean group_ARI_MCSE objective_mean objective_MCSE I_optimal_mean I_optimal_MCSE IMSPE_selected_mean IMSPE_selected_MCSE case R_setting Var_a_setting
1         3.150835  -1.638830e-04   0.0002409290             NA             NA             NA             NA                  NA                  NA    5        10          0.50
2         4.122850  -1.106585e-04   0.0001474413      -9.383187     0.04753899     0.06529351   0.0006930111            9.383187          0.04753899    5        10          0.50
3         2.755736  -3.726039e-04   0.0002619920             NA             NA             NA             NA                  NA                  NA    5        10          0.50
4         2.363093  -9.456341e-05   0.0001515971             NA             NA             NA             NA                  NA                  NA    5        10          0.50
5         0.000000             NA             NA             NA             NA             NA             NA                  NA                  NA    5        10          0.50
6         2.631889  -2.519361e-04   0.0001109870             NA             NA             NA             NA                  NA                  NA    5        10          0.50
7         3.404699  -1.191727e-04   0.0002277298             NA             NA             NA             NA                  NA                  NA    5        10          2.25
8         5.442752  -1.410039e-04   0.0001429673     -10.808640     0.19649045     0.07508316   0.0014091213           10.808640          0.19649045    5        10          2.25
9         3.196606  -9.216070e-05   0.0002800584             NA             NA             NA             NA                  NA                  NA    5        10          2.25
10        3.734952  -9.456341e-05   0.0001515971             NA             NA             NA             NA                  NA                  NA    5        10          2.25
11        0.000000             NA             NA             NA             NA             NA             NA                  NA                  NA    5        10          2.25
12        2.906888  -2.519361e-04   0.0001109870             NA             NA             NA             NA                  NA                  NA    5        10          2.25
