Host: erc-hpc-comp188
MODEL=RS CASE=15 R_LIST=20 VAR_A_LIST=0.5,2.25
LABEL_POLICY=unknown MIS_TYPE=none RHO=0 LAMBDA=0 CIRG_CRITERION=IMSPE
NLOOP=20 SA_MAX=25 EM_MAX=300 K_GRID_POINTS=8 N_CORES=8
============================================================
Method comparison
MODEL=RS cases=15 label_policy=unknown misspec=none rho=0
N=2500 p=50 R=20 Var.a=0.5,2.25
nloop=20 tau=255 lambda=0 CIRG_CRITERION=IMSPE
Budgets: SA_MAX=25 EM_MAX=300 K_GRID_POINTS=8 KMEANS_NUM_INIT=1 KMEANS_MAX_ITERS=25 CPF_LAMBDA_POINTS=6 CPF_MAX_ITER=300 BLM_NSTART=5 N_CORES=8
Methods: LM, KM, OBS, CPF, BLM, CIRG
============================================================

Running case=15 R=20 Var.a=0.5
Saved: results_comparison/RS_case15_R20_vara0.5_varb0.1_lambda0_none.rds 

Running case=15 R=20 Var.a=2.25
Saved: results_comparison/RS_case15_R20_vara2.25_varb0.1_lambda0_none.rds 

Finished. Elapsed minutes: 10.16288 
Saved combined: results_comparison/RS_cases15_R20_vara0.50-2.25_varb0.1_grid_lambda0_none.rds 

   method mis_type rho  n convergence_rate MSPE_mean MSPE_MCSE beta_MSE_mean beta_MSE_MCSE beta_SSE_mean beta_SSE_MCSE intercept_MSE_mean intercept_MSE_MCSE Var_a_hat_mean Var_a_hat_MCSE Var_b_hat_mean Var_b_hat_MCSE
1     BLM     none  NA 20                1  18.65843 0.4225268    0.01542618   0.001866356     0.7713089    0.09331778          0.2607139         0.02284135   0.0000937438   1.977481e-06   0.0001171325   2.458816e-06
2    CIRG     none  NA 20                1  18.51123 0.4249097    0.01574740   0.001867183     0.7873701    0.09335915          0.1934849         0.02644074   0.0034919359   1.791391e-03   0.0042332383   6.882457e-04
3     CPF     none  NA 20                1  18.66982 0.4231964    0.01544345   0.001870455     0.7721724    0.09352277          0.2659772         0.02556300   0.0171253118   3.172006e-03   0.0014339562   7.231828e-05
4      KM     none  NA 20                1  18.53053 0.4233036    0.01570699   0.001870238     0.7853496    0.09351190          0.2017354         0.02693152   0.0034095997   1.798705e-03   0.0034496518   6.731076e-04
5      LM     none  NA 20                1  18.65843 0.4225268    0.01542618   0.001866356     0.7713089    0.09331778          0.2607139         0.02284135   0.0000000000   0.000000e+00             NA             NA
6     OBS     none  NA 20                1  18.66409 0.4228996    0.01542693   0.001867985     0.7713464    0.09339927          0.2606219         0.02285535   0.0043398272   1.542380e-03   0.0027429571   2.234831e-04
7     BLM     none  NA 20                1  22.42872 0.5682800    0.02470674   0.002531356     1.2353370    0.12656778          0.4116554         0.04574492   0.0001090975   2.901444e-06   0.0001363091   3.610015e-06
8    CIRG     none  NA 20                1  22.25219 0.5724064    0.02508775   0.002530824     1.2543876    0.12654119          0.3164563         0.05090088   0.0033279041   1.674725e-03   0.0050283563   8.362342e-04
9     CPF     none  NA 20                1  22.44154 0.5698283    0.02477188   0.002568209     1.2385940    0.12841043          0.4189478         0.04864504   0.0170996215   2.845675e-03   0.0019016105   8.522842e-05
10     KM     none  NA 20                1  22.27743 0.5701666    0.02503578   0.002535696     1.2517888    0.12678481          0.3277511         0.05110145   0.0032182661   1.684145e-03   0.0040872345   8.185882e-04
11     LM     none  NA 20                1  22.42872 0.5682800    0.02470674   0.002531356     1.2353370    0.12656778          0.4116554         0.04574492   0.0000000000   0.000000e+00             NA             NA
12    OBS     none  NA 20                1  22.43706 0.5686024    0.02470522   0.002533701     1.2352610    0.12668504          0.4115431         0.04578152   0.0048825822   1.508046e-03   0.0033393021   2.823336e-04
   Var_e_hat_mean Var_e_hat_MCSE Var_a_MSE_mean Var_a_MSE_MCSE Var_b_MSE_mean Var_b_MSE_MCSE Var_e_MSE_mean Var_e_MSE_MCSE   G_MSE_mean   G_MSE_MCSE selected_K_mean selected_K_MCSE runtime_mean runtime_MCSE
1        18.29108      0.4267082      0.2499063   1.977067e-06    0.009976587   4.911206e-07       89.78368       10.29210 0.0002878645 1.020093e-08             1.0       0.0000000      0.42550  0.022446721
2        18.11859      0.4305095      0.2465812   1.748317e-03    0.009180273   1.315660e-04       86.67017       10.38072 0.0002712783 2.913028e-06             2.5       0.2460210     28.11205  2.993002137
3        18.22817      0.4258770      0.2333591   2.985394e-03    0.009715364   1.426765e-05       88.60522       10.21754 0.0002764811 1.242285e-06            12.4       0.3727564      2.83805  0.140847500
4        18.15074      0.4293297      0.2466635   1.755624e-03    0.009330578   1.289924e-04       87.23828       10.35542 0.0002741993 2.930498e-06             2.0       0.0000000     70.82235  6.323176577
5        18.28629      0.4266076      0.2500000   0.000000e+00             NA             NA       89.69314       10.28511           NA           NA             1.0       0.0000000      0.02860  0.002414212
6        18.18341      0.4255855      0.2457242   1.500282e-03    0.009459881   4.288858e-05       87.77630       10.18122 0.0002763238 9.790063e-07            20.0       0.0000000      7.32650  0.475384551
7        22.01512      0.5974083      5.0620091   1.305574e-05    0.009972757   7.208343e-07      176.17429       20.41305 0.0021378881 1.887577e-08             1.0       0.0000000      0.40325  0.005792861
8        21.81089      0.6021067      5.0475888   7.498287e-03    0.009032900   1.585795e-04      171.00693       20.56650 0.0021142767 5.096635e-06             2.5       0.2460210     29.92380  2.704196902
9        21.93410      0.5953678      4.9859980   1.268267e-02    0.009623432   1.669964e-05      174.02577       20.23302 0.0021019491 4.946375e-06            13.1       0.2982405      2.83085  0.107341935
10       21.84954      0.6006873      5.0480821   7.540663e-03    0.009211990   1.556384e-04      171.96637       20.52399 0.0021179091 5.242389e-06             2.0       0.0000000     62.28285  4.550382394
11       22.00955      0.5972607      5.0625000   0.000000e+00             NA             NA      176.02599       20.40009           NA           NA             1.0       0.0000000      0.02520  0.003288417
12       21.88427      0.5956650      5.0405954   6.745763e-03    0.009344805   5.369640e-05      172.74593       20.20854 0.0021175839 2.832538e-06            20.0       0.0000000      6.38910  0.504661329
   iterations_mean iterations_MCSE group_ARI_mean group_ARI_MCSE objective_mean objective_MCSE I_optimal_mean I_optimal_MCSE IMSPE_selected_mean IMSPE_selected_MCSE case R_setting Var_a_setting
1            26.05        0.050000   0.000000e+00   0.0000000000             NA             NA             NA             NA                  NA                  NA   15        20          0.50
2            42.45        4.014759   2.652229e-03   0.0004404178      -18.29813      0.4318821      0.2002540     0.01384229            18.29813           0.4318821   15        20          0.50
3           168.80        5.047980  -5.252427e-04   0.0002693986             NA             NA             NA             NA                  NA                  NA   15        20          0.50
4            36.55        3.084319   2.690532e-03   0.0005817426             NA             NA             NA             NA                  NA                  NA   15        20          0.50
5             1.00        0.000000             NA             NA             NA             NA             NA             NA                  NA                  NA   15        20          0.50
6           256.95        4.257795  -3.373013e-05   0.0001038553             NA             NA             NA             NA                  NA                  NA   15        20          0.50
7            26.95        0.050000   0.000000e+00   0.0000000000             NA             NA             NA             NA                  NA                  NA   15        20          2.25
8            48.00        5.119622   2.652229e-03   0.0004404178      -22.02601      0.6043630      0.2393151     0.01668133            22.02601           0.6043630   15        20          2.25
9           178.10        5.302383  -6.047439e-04   0.0001794448             NA             NA             NA             NA                  NA                  NA   15        20          2.25
10           39.75        3.316526   2.690532e-03   0.0005817426             NA             NA             NA             NA                  NA                  NA   15        20          2.25
11            1.00        0.000000             NA             NA             NA             NA             NA             NA                  NA                  NA   15        20          2.25
12          258.55        4.211185  -3.373013e-05   0.0001038553             NA             NA             NA             NA                  NA                  NA   15        20          2.25
