Host: erc-hpc-comp189
MODEL=RI CASE=9 R_LIST=10 VAR_A_LIST=0.5,2.25
LABEL_POLICY=unknown MIS_TYPE=none RHO=0 LAMBDA=0 CIRG_CRITERION=IMSPE
NLOOP=20 SA_MAX=25 EM_MAX=300 K_GRID_POINTS=8 N_CORES=8
============================================================
Method comparison
MODEL=RI cases=9 label_policy=unknown misspec=none rho=0
N=2500 p=50 R=10 Var.a=0.5,2.25
nloop=20 tau=255 lambda=0 CIRG_CRITERION=IMSPE
Budgets: SA_MAX=25 EM_MAX=300 K_GRID_POINTS=8 KMEANS_NUM_INIT=1 KMEANS_MAX_ITERS=25 CPF_LAMBDA_POINTS=6 CPF_MAX_ITER=300 BLM_NSTART=5 N_CORES=8
Methods: LM, KM, OBS, CPF, BLM, CIRG
============================================================

Running case=9 R=10 Var.a=0.5
Saved: results_comparison/RI_case9_R10_vara0.5_lambda0_none.rds 

Running case=9 R=10 Var.a=2.25
Saved: results_comparison/RI_case9_R10_vara2.25_lambda0_none.rds 

Finished. Elapsed minutes: 8.1591 
Saved combined: results_comparison/RI_cases9_R10_vara0.50-2.25_grid_lambda0_none.rds 

   method mis_type rho  n convergence_rate MSPE_mean  MSPE_MCSE beta_MSE_mean beta_MSE_MCSE beta_SSE_mean beta_SSE_MCSE intercept_MSE_mean intercept_MSE_MCSE Var_a_hat_mean Var_a_hat_MCSE Var_b_hat_mean Var_b_hat_MCSE
1     BLM     none  NA 20                1  9.464228 0.08058163   0.001294077  4.741023e-05    0.06470387   0.002370512         0.05778849         0.01674943   0.0043630326   0.0012732606             NA             NA
2    CIRG     none  NA 20                1  9.463048 0.08067000   0.001293299  4.718801e-05    0.06466493   0.002359400         0.05827515         0.01688281   0.0021789399   0.0012200283             NA             NA
3     CPF     none  NA 20                1  9.463250 0.08057785   0.001293940  4.744228e-05    0.06469701   0.002372114         0.05821661         0.01688132   0.0034102589   0.0011431920             NA             NA
4      KM     none  NA 20                1  9.462225 0.08059317   0.001290726  4.731834e-05    0.06453629   0.002365917         0.05824623         0.01688681   0.0005257889   0.0003641130             NA             NA
5      LM     none  NA 20                1  9.461963 0.08058528   0.001292218  4.742596e-05    0.06461088   0.002371298         0.05808470         0.01680294   0.0000000000   0.0000000000             NA             NA
6     OBS     none  NA 20                1  9.462473 0.08062284   0.001293495  4.735300e-05    0.06467474   0.002367650         0.05808673         0.01680349   0.0021689046   0.0007163255             NA             NA
7     BLM     none  NA 20                1 10.907664 0.22114568   0.001488083  5.592078e-05    0.07440414   0.002796039         0.25306388         0.07745707   0.0045311119   0.0012593519             NA             NA
8    CIRG     none  NA 20                1 10.906018 0.22109149   0.001488149  5.621214e-05    0.07440745   0.002810607         0.25010386         0.07590744   0.0021979386   0.0013577882             NA             NA
9     CPF     none  NA 20                1 10.906569 0.22115584   0.001487459  5.592133e-05    0.07437295   0.002796067         0.25083443         0.07630304   0.0029738444   0.0008569623             NA             NA
10     KM     none  NA 20                1 10.905278 0.22111551   0.001483965  5.542765e-05    0.07419825   0.002771383         0.25002292         0.07591822   0.0003772186   0.0001961254             NA             NA
11     LM     none  NA 20                1 10.905169 0.22109877   0.001486175  5.594249e-05    0.07430875   0.002797124         0.24979945         0.07579001   0.0000000000   0.0000000000             NA             NA
12    OBS     none  NA 20                1 10.905788 0.22116846   0.001487065  5.588913e-05    0.07435325   0.002794456         0.24980694         0.07579235   0.0021440812   0.0006817350             NA             NA
   Var_e_hat_mean Var_e_hat_MCSE Var_a_MSE_mean Var_a_MSE_MCSE Var_b_MSE_mean Var_b_MSE_MCSE Var_e_MSE_mean Var_e_MSE_MCSE G_MSE_mean G_MSE_MCSE selected_K_mean selected_K_MCSE runtime_mean runtime_MCSE iterations_mean
1        9.311480     0.04804699      0.2456868   0.0012509494             NA             NA      0.1408818     0.03756561         NA         NA            5.80      0.11697953      0.31990  0.023338008           37.40
2        9.313781     0.04828933      0.2478541   0.0011957913             NA             NA      0.1427637     0.03749030         NA         NA            2.75      0.33931045     17.95575  1.371873628           24.10
3        9.312287     0.04802952      0.2466262   0.0011220601             NA             NA      0.1413530     0.03758059         NA         NA            7.30      0.29109593      0.40330  0.024843627           42.65
4        9.315023     0.04794433      0.2494770   0.0003613443             NA             NA      0.1429141     0.03757161         NA         NA            2.00      0.00000000     62.67860  4.445589619           19.75
5        9.315114     0.04799106      0.2500000   0.0000000000             NA             NA      0.1430567     0.03760319         NA         NA            1.00      0.00000000      0.02150  0.002017685            1.00
6        9.313279     0.04801522      0.2478455   0.0007084562             NA             NA      0.1419476     0.03760785         NA         NA           10.00      0.00000000      0.43905  0.038261116           50.00
7       10.726556     0.19530407      5.0421607   0.0056480051             NA             NA      3.7057258     0.88979969         NA         NA            5.90      0.06882472      0.34090  0.026816325           40.50
8       10.728913     0.19558144      5.0526491   0.0060749969             NA             NA      3.7159302     0.89020805         NA         NA            2.75      0.33931045     18.20790  1.400323389           28.35
9       10.727760     0.19528680      5.0491405   0.0038462643             NA             NA      3.7097569     0.88991034         NA         NA            7.50      0.24602097      0.43560  0.023673036           47.15
10      10.730307     0.19524823      5.0608034   0.0008817271             NA             NA      3.7182790     0.88998500         NA         NA            2.00      0.00000000     62.15765  4.467453213           23.20
11      10.730337     0.19530486      5.0625000   0.0000000000             NA             NA      3.7188035     0.89029772         NA         NA            1.00      0.00000000      0.01885  0.000514398            1.00
12      10.728558     0.19528460      5.0528651   0.0030605493             NA             NA      3.7124980     0.89001625         NA         NA           10.00      0.00000000      0.44865  0.024373657           54.05
   iterations_MCSE group_ARI_mean group_ARI_MCSE objective_mean objective_MCSE I_optimal_mean I_optimal_MCSE IMSPE_selected_mean IMSPE_selected_MCSE case R_setting Var_a_setting
1         2.957061  -9.965821e-05   2.778863e-04             NA             NA             NA             NA                  NA                  NA    9        10          0.50
2         2.681221  -6.538839e-05   1.042086e-04       -9.44063     0.04888243      0.1273767   0.0008391664             9.44063          0.04888243    9        10          0.50
3         3.177449  -7.071526e-04   2.492942e-04             NA             NA             NA             NA                  NA                  NA    9        10          0.50
4         1.109469  -2.440747e-05   6.737236e-05             NA             NA             NA             NA                  NA                  NA    9        10          0.50
5         0.000000             NA             NA             NA             NA             NA             NA                  NA                  NA    9        10          0.50
6         2.979756  -2.519361e-04   1.109870e-04             NA             NA             NA             NA                  NA                  NA    9        10          0.50
7         3.403945  -1.735484e-05   2.392005e-04             NA             NA             NA             NA                  NA                  NA    9        10          2.25
8         3.850000  -6.538839e-05   1.042086e-04      -10.87502     0.19819683      0.1465547   0.0026854095            10.87502          0.19819683    9        10          2.25
9         3.079025  -2.210522e-04   2.927372e-04             NA             NA             NA             NA                  NA                  NA    9        10          2.25
10        2.391432  -2.440747e-05   6.737236e-05             NA             NA             NA             NA                  NA                  NA    9        10          2.25
11        0.000000             NA             NA             NA             NA             NA             NA                  NA                  NA    9        10          2.25
12        3.120792  -2.519361e-04   1.109870e-04             NA             NA             NA             NA                  NA                  NA    9        10          2.25
