Host: erc-hpc-comp014
MODEL=RI CASE=2 R_LIST=50 VAR_A_LIST=0.5,2.25
LABEL_POLICY=unknown MIS_TYPE=none RHO=0 LAMBDA=0 CIRG_CRITERION=IMSPE
NLOOP=20 SA_MAX=25 EM_MAX=300 K_GRID_POINTS=8 N_CORES=8
============================================================
Method comparison
MODEL=RI cases=2 label_policy=unknown misspec=none rho=0
N=2500 p=50 R=50 Var.a=0.5,2.25
nloop=20 tau=255 lambda=0 CIRG_CRITERION=IMSPE
Budgets: SA_MAX=25 EM_MAX=300 K_GRID_POINTS=8 KMEANS_NUM_INIT=1 KMEANS_MAX_ITERS=25 CPF_LAMBDA_POINTS=6 CPF_MAX_ITER=300 BLM_NSTART=5 N_CORES=8
Methods: LM, KM, OBS, CPF, BLM, CIRG
============================================================

Running case=2 R=50 Var.a=0.5
Saved: results_comparison/RI_case2_R50_vara0.5_lambda0_none.rds 

Running case=2 R=50 Var.a=2.25
Saved: results_comparison/RI_case2_R50_vara2.25_lambda0_none.rds 

Finished. Elapsed minutes: 5.891667 
Saved combined: results_comparison/RI_cases2_R50_vara0.50-2.25_grid_lambda0_none.rds 

   method mis_type rho  n convergence_rate MSPE_mean  MSPE_MCSE beta_MSE_mean beta_MSE_MCSE beta_SSE_mean beta_SSE_MCSE intercept_MSE_mean intercept_MSE_MCSE Var_a_hat_mean Var_a_hat_MCSE Var_b_hat_mean Var_b_hat_MCSE
1     BLM     none  NA 20                1  9.479635 0.05022620   0.002062294  0.0001111142     0.1031147   0.005555709         0.02073110        0.006503229   0.0638014336   0.0044734694             NA             NA
2    CIRG     none  NA 20                1  9.436697 0.04984972   0.002040653  0.0001112983     0.1020327   0.005564914         0.01578771        0.005047703   0.0005129773   0.0002000717             NA             NA
3     CPF     none  NA 20                1  9.449357 0.05036425   0.002043595  0.0001096763     0.1021798   0.005483817         0.05828355        0.019548973   0.1190358177   0.0126085999             NA             NA
4      KM     none  NA 20                1  9.436642 0.04986362   0.002039295  0.0001112622     0.1019647   0.005563110         0.01582042        0.005052471   0.0003128742   0.0001491408             NA             NA
5      LM     none  NA 20                1  9.436693 0.04985195   0.002040008  0.0001111631     0.1020004   0.005558157         0.01581921        0.005052067   0.0000000000   0.0000000000             NA             NA
6     OBS     none  NA 20                1  9.437660 0.04974848   0.002041566  0.0001109585     0.1020783   0.005547926         0.01581918        0.005051307   0.0071208030   0.0016506689             NA             NA
7     BLM     none  NA 20                1 11.052014 0.11159561   0.002391006  0.0001292710     0.1195503   0.006463552         0.07839048        0.024538202   0.0748571082   0.0049632212             NA             NA
8    CIRG     none  NA 20                1 11.002204 0.10935594   0.002365260  0.0001306788     0.1182630   0.006533942         0.06899747        0.023446207   0.0009842450   0.0006325547             NA             NA
9     CPF     none  NA 20                1 11.027232 0.11146014   0.002368196  0.0001294261     0.1184098   0.006471307         0.15252249        0.054219616   0.1368550409   0.0112964745             NA             NA
10     KM     none  NA 20                1 11.002215 0.10935673   0.002364062  0.0001307008     0.1182031   0.006535038         0.06905283        0.023450026   0.0008055861   0.0006274204             NA             NA
11     LM     none  NA 20                1 11.002189 0.10936495   0.002363919  0.0001307207     0.1181960   0.006536037         0.06905381        0.023448894   0.0000000000   0.0000000000             NA             NA
12    OBS     none  NA 20                1 11.003347 0.10939020   0.002365774  0.0001303255     0.1182887   0.006516277         0.06905354        0.023447557   0.0077815358   0.0017225703             NA             NA
   Var_e_hat_mean Var_e_hat_MCSE Var_a_MSE_mean Var_a_MSE_MCSE Var_b_MSE_mean Var_b_MSE_MCSE Var_e_MSE_mean Var_e_MSE_MCSE G_MSE_mean G_MSE_MCSE selected_K_mean selected_K_MCSE runtime_mean runtime_MCSE iterations_mean
1        9.303126     0.02919958      0.1906494   0.0038850168             NA             NA      0.1080853     0.01950986         NA         NA            9.80      0.09176629      0.10155 0.0032891168           11.30
2        9.352237     0.03062671      0.2494880   0.0001994299             NA             NA      0.1418930     0.02325306         NA         NA            2.40      0.22242681     14.30970 1.1704003029           26.10
3        9.333160     0.02996565      0.1481543   0.0090780130             NA             NA      0.1280565     0.02158794         NA         NA            4.70      0.33324560      0.34680 0.0099790834           14.95
4        9.352422     0.03057817      0.2496876   0.0001486485             NA             NA      0.1419669     0.02323962         NA         NA            2.00      0.00000000     37.24905 2.2531629937           20.00
5        9.352413     0.03057857      0.2500000   0.0000000000             NA             NA      0.1419610     0.02322825         NA         NA            1.00      0.00000000      0.00730 0.0001051315            1.00
6        9.345706     0.03020313      0.2429817   0.0016112779             NA             NA      0.1368447     0.02257930         NA         NA           50.00      0.00000000      0.97935 0.0520989582          142.90
7       10.833516     0.10481672      4.7317146   0.0215550072             NA             NA      3.5705244     0.40097880         NA         NA            9.65      0.10942433      0.11545 0.0089290994           11.40
8       10.890539     0.10669565      5.0580795   0.0028385231             NA             NA      3.7904326     0.41976959         NA         NA            2.40      0.22242681     15.07025 1.3404470206           26.05
9       10.864172     0.10565293      4.4678062   0.0476028919             NA             NA      3.6872273     0.41084079         NA         NA            4.40      0.30262014      0.37870 0.0313071456           13.60
10      10.890705     0.10667438      5.0588830   0.0028152961             NA             NA      3.7909750     0.41970679         NA         NA            2.00      0.00000000     41.79405 2.5608900986           20.10
11      10.890890     0.10662706      5.0625000   0.0000000000             NA             NA      3.7914818     0.41951465         NA         NA            1.00      0.00000000      0.00915 0.0008248604            1.00
12      10.883542     0.10619048      5.0276000   0.0077082820             NA             NA      3.7619811     0.41659985         NA         NA           50.00      0.00000000      1.28065 0.0888790507          155.95
   iterations_MCSE group_ARI_mean group_ARI_MCSE objective_mean objective_MCSE I_optimal_mean I_optimal_MCSE IMSPE_selected_mean IMSPE_selected_MCSE case R_setting Var_a_setting
1        0.4358899   3.417369e-05   1.419706e-04             NA             NA             NA             NA                  NA                  NA    2        50          0.50
2        3.3934147  -4.762850e-05   5.093549e-05      -9.416446      0.0308119     0.06444015   0.0002263480            9.416446           0.0308119    2        50          0.50
3        1.0845203   3.619812e-05   7.300909e-05             NA             NA             NA             NA                  NA                  NA    2        50          0.50
4        1.4885528  -3.142792e-05   2.907945e-05             NA             NA             NA             NA                  NA                  NA    2        50          0.50
5        0.0000000             NA             NA             NA             NA             NA             NA                  NA                  NA    2        50          0.50
6        9.3886550  -1.043958e-04   1.635189e-04             NA             NA             NA             NA                  NA                  NA    2        50          0.50
7        0.6000000   9.887456e-05   1.384915e-04             NA             NA             NA             NA                  NA                  NA    2        50          2.25
8        3.0021703  -4.762850e-05   5.093549e-05     -10.965309      0.1073959     0.07526409   0.0007560665           10.965309           0.1073959    2        50          2.25
9        1.2277493  -5.399246e-06   8.435327e-05             NA             NA             NA             NA                  NA                  NA    2        50          2.25
10       0.8236632  -3.142792e-05   2.907945e-05             NA             NA             NA             NA                  NA                  NA    2        50          2.25
11       0.0000000             NA             NA             NA             NA             NA             NA                  NA                  NA    2        50          2.25
12      10.2285655  -1.043958e-04   1.635189e-04             NA             NA             NA             NA                  NA                  NA    2        50          2.25
