Host: erc-hpc-comp028
MODEL=RI CASE=16 R_LIST=10 VAR_A_LIST=0.5,2.25
LABEL_POLICY=unknown MIS_TYPE=none RHO=0 LAMBDA=0 CIRG_CRITERION=IMSPE
NLOOP=20 SA_MAX=25 EM_MAX=300 K_GRID_POINTS=8 N_CORES=8
============================================================
Method comparison
MODEL=RI cases=16 label_policy=unknown misspec=none rho=0
N=2500 p=50 R=10 Var.a=0.5,2.25
nloop=20 tau=255 lambda=0 CIRG_CRITERION=IMSPE
Budgets: SA_MAX=25 EM_MAX=300 K_GRID_POINTS=8 KMEANS_NUM_INIT=1 KMEANS_MAX_ITERS=25 CPF_LAMBDA_POINTS=6 CPF_MAX_ITER=300 BLM_NSTART=5 N_CORES=8
Methods: LM, KM, OBS, CPF, BLM, CIRG
============================================================

Running case=16 R=10 Var.a=0.5
Saved: results_comparison/RI_case16_R10_vara0.5_lambda0_none.rds 

Running case=16 R=10 Var.a=2.25
Saved: results_comparison/RI_case16_R10_vara2.25_lambda0_none.rds 

Finished. Elapsed minutes: 10.0009 
Saved combined: results_comparison/RI_cases16_R10_vara0.50-2.25_grid_lambda0_none.rds 

   method mis_type rho  n convergence_rate MSPE_mean  MSPE_MCSE beta_MSE_mean beta_MSE_MCSE beta_SSE_mean beta_SSE_MCSE intercept_MSE_mean intercept_MSE_MCSE Var_a_hat_mean Var_a_hat_MCSE Var_b_hat_mean Var_b_hat_MCSE
1     BLM     none  NA 20                1  9.550778 0.05573683   0.004297496  0.0001275029     0.2148748   0.006375146         0.04516275        0.003262888    0.003465301   0.0008897952             NA             NA
2    CIRG     none  NA 20                1  9.548706 0.05576454   0.004085774  0.0001723207     0.2042887   0.008616035         0.05072815        0.003556245    0.006838283   0.0025322862             NA             NA
3     CPF     none  NA 20                1  9.549720 0.05572935   0.004297956  0.0001275907     0.2148978   0.006379534         0.04548685        0.003136586    0.002086420   0.0006404134             NA             NA
4      KM     none  NA 20                1  9.549888 0.05581688   0.004237026  0.0001521059     0.2118513   0.007605297         0.04640378        0.003350741    0.001374864   0.0012150934             NA             NA
5      LM     none  NA 20                1  9.549812 0.05576120   0.004298475  0.0001277989     0.2149238   0.006389943         0.04538603        0.003154037    0.000000000   0.0000000000             NA             NA
6     OBS     none  NA 20                1  9.549677 0.05569126   0.004298104  0.0001276690     0.2149052   0.006383449         0.04538759        0.003155283    0.001506784   0.0004491085             NA             NA
7     BLM     none  NA 20                1 11.273389 0.06885751   0.011407425  0.0002029371     0.5703713   0.010146857         0.18513705        0.007085982    0.003351601   0.0009135716             NA             NA
8    CIRG     none  NA 20                1 11.248751 0.06989274   0.010055313  0.0004661299     0.5027656   0.023306497         0.21919130        0.011687957    0.031429515   0.0081174166             NA             NA
9     CPF     none  NA 20                1 11.272995 0.06886917   0.011408287  0.0002030905     0.5704143   0.010154526         0.18527841        0.006763863    0.002050572   0.0005875248             NA             NA
10     KM     none  NA 20                1 11.271002 0.06868443   0.011139546  0.0003091645     0.5569773   0.015458227         0.18865193        0.007199308    0.002993720   0.0024237868             NA             NA
11     LM     none  NA 20                1 11.272798 0.06882258   0.011410350  0.0002030011     0.5705175   0.010150055         0.18478963        0.006654504    0.000000000   0.0000000000             NA             NA
12    OBS     none  NA 20                1 11.272714 0.06880430   0.011409366  0.0002029370     0.5704683   0.010146849         0.18478981        0.006657439    0.001574264   0.0004565094             NA             NA
   Var_e_hat_mean Var_e_hat_MCSE Var_a_MSE_mean Var_a_MSE_MCSE Var_b_MSE_mean Var_b_MSE_MCSE Var_e_MSE_mean Var_e_MSE_MCSE G_MSE_mean G_MSE_MCSE selected_K_mean selected_K_MCSE runtime_mean runtime_MCSE iterations_mean
1        9.090066     0.03321478      0.2465618   0.0008787826             NA             NA     0.02907314    0.004459436         NA         NA            5.90      0.06882472      0.35570  0.041583277           38.05
2        9.089174     0.03280959      0.2433303   0.0024451123             NA             NA     0.02840497    0.004485709         NA         NA            3.55      0.67072231     22.78495  3.484184236           26.30
3        9.091340     0.03321037      0.2479257   0.0006342778             NA             NA     0.02929870    0.004510364         NA         NA            7.60      0.31953914      0.49705  0.055833610           48.80
4        9.092722     0.03305633      0.2486551   0.0011851764             NA             NA     0.02935898    0.004563807         NA         NA            2.00      0.00000000     77.20400 12.871241598           19.00
5        9.093104     0.03313868      0.2500000   0.0000000000             NA             NA     0.02953367    0.004583399         NA         NA            1.00      0.00000000      0.03510  0.004045075            1.00
6        9.091934     0.03315096      0.2484993   0.0004460660             NA             NA     0.02933261    0.004524156         NA         NA           10.00      0.00000000      0.84450  0.079411238           52.70
7        9.656719     0.03514705      5.0474449   0.0041002649             NA             NA     0.45475107    0.042314689         NA         NA            5.95      0.05000000      0.33955  0.030372553           40.80
8        9.643864     0.03345399      4.9233070   0.0357572299             NA             NA     0.43582515    0.039696574         NA         NA            3.60      0.60000000     18.56950  1.991889827           16.85
9        9.657893     0.03507347      5.0532832   0.0026387972             NA             NA     0.45619595    0.042360516         NA         NA            7.75      0.32342737      0.49660  0.035048943           49.45
10       9.658574     0.03488035      5.0491488   0.0107907446             NA             NA     0.45683573    0.042234820         NA         NA            2.00      0.00000000     59.28270  4.457693375           26.80
11       9.659626     0.03503637      5.0625000   0.0000000000             NA             NA     0.45843018    0.042472707         NA         NA            1.00      0.00000000      0.02930  0.002979845            1.00
12       9.658411     0.03505946      5.0554223   0.0020512253             NA             NA     0.45685858    0.042364980         NA         NA           10.00      0.00000000      0.71765  0.085579796           52.90
   iterations_MCSE group_ARI_mean group_ARI_MCSE objective_mean objective_MCSE I_optimal_mean I_optimal_MCSE IMSPE_selected_mean IMSPE_selected_MCSE case R_setting Var_a_setting
1        3.3961859  -6.160616e-04   0.0003544656             NA             NA             NA             NA                  NA                  NA   16        10          0.50
2        4.8569538   9.318044e-02   0.0030519517      -9.154363     0.03314909     0.06698127    0.001029344            9.154363          0.03314909   16        10          0.50
3        3.0570023  -5.189967e-05   0.0003653000             NA             NA             NA             NA                  NA                  NA   16        10          0.50
4        0.7181848   8.629424e-02   0.0014056527             NA             NA             NA             NA                  NA                  NA   16        10          0.50
5        0.0000000             NA             NA             NA             NA             NA             NA                  NA                  NA   16        10          0.50
6        2.6168482  -5.380282e-05   0.0001091329             NA             NA             NA             NA                  NA                  NA   16        10          0.50
7        3.4721448  -6.183594e-04   0.0002403339             NA             NA             NA             NA                  NA                  NA   16        10          2.25
8        2.0523094   9.540195e-02   0.0033954534      -9.714073     0.03386583     0.07859538    0.002637062            9.714073          0.03386583   16        10          2.25
9        3.1451508  -4.188478e-04   0.0003098409             NA             NA             NA             NA                  NA                  NA   16        10          2.25
10       3.4063408   8.629424e-02   0.0014056527             NA             NA             NA             NA                  NA                  NA   16        10          2.25
11       0.0000000             NA             NA             NA             NA             NA             NA                  NA                  NA   16        10          2.25
12       2.7201974  -5.380282e-05   0.0001091329             NA             NA             NA             NA                  NA                  NA   16        10          2.25
