Host: erc-hpc-comp189
MODEL=RI CASE=10 R_LIST=10 VAR_A_LIST=0.5,2.25
LABEL_POLICY=unknown MIS_TYPE=none RHO=0 LAMBDA=0 CIRG_CRITERION=IMSPE
NLOOP=20 SA_MAX=25 EM_MAX=300 K_GRID_POINTS=8 N_CORES=8
============================================================
Method comparison
MODEL=RI cases=10 label_policy=unknown misspec=none rho=0
N=2500 p=50 R=10 Var.a=0.5,2.25
nloop=20 tau=255 lambda=0 CIRG_CRITERION=IMSPE
Budgets: SA_MAX=25 EM_MAX=300 K_GRID_POINTS=8 KMEANS_NUM_INIT=1 KMEANS_MAX_ITERS=25 CPF_LAMBDA_POINTS=6 CPF_MAX_ITER=300 BLM_NSTART=5 N_CORES=8
Methods: LM, KM, OBS, CPF, BLM, CIRG
============================================================

Running case=10 R=10 Var.a=0.5
Saved: results_comparison/RI_case10_R10_vara0.5_lambda0_none.rds 

Running case=10 R=10 Var.a=2.25
Saved: results_comparison/RI_case10_R10_vara2.25_lambda0_none.rds 

Finished. Elapsed minutes: 9.780033 
Saved combined: results_comparison/RI_cases10_R10_vara0.50-2.25_grid_lambda0_none.rds 

   method mis_type rho  n convergence_rate MSPE_mean  MSPE_MCSE beta_MSE_mean beta_MSE_MCSE beta_SSE_mean beta_SSE_MCSE intercept_MSE_mean intercept_MSE_MCSE Var_a_hat_mean Var_a_hat_MCSE Var_b_hat_mean Var_b_hat_MCSE
1     BLM     none  NA 20                1  9.372326 0.07311618   0.003726623  0.0002645444     0.1863312    0.01322722         0.03499291         0.01128768    0.003753246   0.0008865715             NA             NA
2    CIRG     none  NA 20                1  9.280846 0.07013570   0.003835627  0.0002371890     0.1917813    0.01185945         0.04552516         0.01586423    0.359550759   0.0901225005             NA             NA
3     CPF     none  NA 20                1  9.371480 0.07315924   0.003726983  0.0002645471     0.1863492    0.01322736         0.03452531         0.01110758    0.002412607   0.0005628800             NA             NA
4      KM     none  NA 20                1  9.260332 0.07078177   0.003785946  0.0002514151     0.1892973    0.01257075         0.03460372         0.01017715    0.412654027   0.1011837256             NA             NA
5      LM     none  NA 20                1  9.371015 0.07329181   0.003729309  0.0002639860     0.1864654    0.01319930         0.03398757         0.01100793    0.000000000   0.0000000000             NA             NA
6     OBS     none  NA 20                1  9.371397 0.07309207   0.003727173  0.0002644495     0.1863587    0.01322247         0.03399123         0.01100974    0.001551264   0.0004350769             NA             NA
7     BLM     none  NA 20                1 10.583770 0.22834244   0.004447111  0.0003730891     0.2223555    0.01865445         0.14940661         0.04715298    0.005086750   0.0010260058             NA             NA
8    CIRG     none  NA 20                1 10.174504 0.19310346   0.004983459  0.0003718412     0.2491730    0.01859206         0.18776771         0.06462383    1.832262405   0.4581592726             NA             NA
9     CPF     none  NA 20                1 10.582962 0.22847043   0.004446119  0.0003731684     0.2223059    0.01865842         0.14821194         0.04674379    0.003115938   0.0007280213             NA             NA
10     KM     none  NA 20                1 10.085325 0.20082497   0.005010836  0.0004086896     0.2505418    0.02043448         0.18231202         0.05703121    2.468066839   0.5158320288             NA             NA
11     LM     none  NA 20                1 10.581652 0.22873086   0.004447520  0.0003727619     0.2223760    0.01863809         0.14837170         0.04671272    0.000000000   0.0000000000             NA             NA
12    OBS     none  NA 20                1 10.582381 0.22853750   0.004445674  0.0003732706     0.2222837    0.01866353         0.14837795         0.04671549    0.002048290   0.0005917565             NA             NA
   Var_e_hat_mean Var_e_hat_MCSE Var_a_MSE_mean Var_a_MSE_MCSE Var_b_MSE_mean Var_b_MSE_MCSE Var_e_MSE_mean Var_e_MSE_MCSE G_MSE_mean G_MSE_MCSE selected_K_mean selected_K_MCSE runtime_mean runtime_MCSE iterations_mean
1        9.264311     0.05043016      0.2462758   0.0008758916             NA             NA     0.11818111     0.04076221         NA         NA            5.90      0.06882472      0.31840 0.0250015157           36.70
2        9.175546     0.04254155      0.1740452   0.0310407466             NA             NA     0.06520214     0.03048919         NA         NA            3.55      0.58703089     15.17175 1.0933505574           10.70
3        9.265511     0.05035779      0.2475992   0.0005580506             NA             NA     0.11867850     0.04073891         NA         NA            7.65      0.23254881      0.43395 0.0199597589           45.95
4        9.161704     0.04399610      0.2021541   0.0385878823             NA             NA     0.06292576     0.03022282         NA         NA            5.80      0.20000000     74.00255 3.0690776331           15.95
5        9.267684     0.05026802      0.2500000   0.0000000000             NA             NA     0.11966518     0.04068689         NA         NA            1.00      0.00000000      0.01880 0.0008258966            1.00
6        9.266449     0.05032948      0.2484547   0.0004315978             NA             NA     0.11912336     0.04072376         NA         NA           10.00      0.00000000      0.47440 0.0290865677           54.55
7       10.454721     0.20669116      5.0396555   0.0046031684             NA             NA     2.92791562     0.89195884         NA         NA            5.90      0.06882472      0.27915 0.0255771562           32.90
8       10.035908     0.16770467      4.1627932   1.0649564556             NA             NA     1.60747708     0.63715077         NA         NA            3.50      0.58264370     14.18660 1.1123922264            8.75
9       10.456634     0.20668525      5.0484981   0.0032680464             NA             NA     2.93343822     0.89260595         NA         NA            7.95      0.19834844      0.42465 0.0239027938           46.15
10       9.970208     0.17615666      5.1031241   1.1567796189             NA             NA     1.53089586     0.65442251         NA         NA            5.80      0.20000000     75.50660 2.8789395200            8.65
11      10.459590     0.20658570      5.0625000   0.0000000000             NA             NA     2.94127843     0.89267767         NA         NA            1.00      0.00000000      0.03120 0.0062186477            1.00
12      10.457849     0.20668435      5.0532935   0.0026565325             NA             NA     2.93697316     0.89280386         NA         NA           10.00      0.00000000      0.96470 0.2080270871           58.35
   iterations_MCSE group_ARI_mean group_ARI_MCSE objective_mean objective_MCSE I_optimal_mean I_optimal_MCSE IMSPE_selected_mean IMSPE_selected_MCSE case R_setting Var_a_setting
1        3.1372969  -0.0002163981   0.0002770502             NA             NA             NA             NA                  NA                  NA   10        10          0.50
2        0.9735989   0.3524872071   0.0341136498      -9.241013     0.04287922      0.1920620     0.03502484            9.241013          0.04287922   10        10          0.50
3        2.5209386   0.0002170532   0.0003174064             NA             NA             NA             NA                  NA                  NA   10        10          0.50
4        2.4862517   0.5500052335   0.0245558159             NA             NA             NA             NA                  NA                  NA   10        10          0.50
5        0.0000000             NA             NA             NA             NA             NA             NA                  NA                  NA   10        10          0.50
6        2.3636223  -0.0002519361   0.0001109870             NA             NA             NA             NA                  NA                  NA   10        10          0.50
7        3.2532575  -0.0002082103   0.0002427660             NA             NA             NA             NA                  NA                  NA   10        10          2.25
8        1.1306146   0.3489497075   0.0329549270     -10.107749     0.16884030      0.6699732     0.16103317           10.107749          0.16884030   10        10          2.25
9        3.0481012  -0.0001276122   0.0002719518             NA             NA             NA             NA                  NA                  NA   10        10          2.25
10       0.8184549   0.5500052335   0.0245558159             NA             NA             NA             NA                  NA                  NA   10        10          2.25
11       0.0000000             NA             NA             NA             NA             NA             NA                  NA                  NA   10        10          2.25
12       3.1931464  -0.0002519361   0.0001109870             NA             NA             NA             NA                  NA                  NA   10        10          2.25
