Host: erc-hpc-comp188
MODEL=RS CASE=12 R_LIST=20 VAR_A_LIST=0.5,2.25
LABEL_POLICY=unknown MIS_TYPE=none RHO=0 LAMBDA=0 CIRG_CRITERION=IMSPE
NLOOP=20 SA_MAX=25 EM_MAX=300 K_GRID_POINTS=8 N_CORES=8
============================================================
Method comparison
MODEL=RS cases=12 label_policy=unknown misspec=none rho=0
N=2500 p=50 R=20 Var.a=0.5,2.25
nloop=20 tau=255 lambda=0 CIRG_CRITERION=IMSPE
Budgets: SA_MAX=25 EM_MAX=300 K_GRID_POINTS=8 KMEANS_NUM_INIT=1 KMEANS_MAX_ITERS=25 CPF_LAMBDA_POINTS=6 CPF_MAX_ITER=300 BLM_NSTART=5 N_CORES=8
Methods: LM, KM, OBS, CPF, BLM, CIRG
============================================================

Running case=12 R=20 Var.a=0.5
Saved: results_comparison/RS_case12_R20_vara0.5_varb0.1_lambda0_none.rds 

Running case=12 R=20 Var.a=2.25
Saved: results_comparison/RS_case12_R20_vara2.25_varb0.1_lambda0_none.rds 

Finished. Elapsed minutes: 11.47537 
Saved combined: results_comparison/RS_cases12_R20_vara0.50-2.25_varb0.1_grid_lambda0_none.rds 

   method mis_type rho  n convergence_rate MSPE_mean  MSPE_MCSE beta_MSE_mean beta_MSE_MCSE beta_SSE_mean beta_SSE_MCSE intercept_MSE_mean intercept_MSE_MCSE Var_a_hat_mean Var_a_hat_MCSE Var_b_hat_mean Var_b_hat_MCSE
1     BLM     none  NA 20                1  13.04248 0.09998097   0.009829173  0.0007191082     0.4914586    0.03595541         0.49720295         0.02655425   6.671701e-05   3.370133e-07   0.0001169840   5.535139e-07
2    CIRG     none  NA 20                1  11.23807 0.09150357   0.004982181  0.0003211203     0.2491091    0.01605602         0.07854865         0.02029592   7.989540e-02   1.207438e-02   0.0513537322   1.501108e-03
3     CPF     none  NA 20                1  13.04883 0.10076558   0.009809928  0.0007253476     0.4904964    0.03626738         0.49944229         0.02679938   1.502776e-02   3.008292e-03   0.0015847848   7.926319e-05
4      KM     none  NA 20                1  11.42552 0.08537309   0.005093050  0.0003757619     0.2546525    0.01878809         0.09471513         0.01927353   9.884112e-02   1.101163e-02   0.0497053767   1.652388e-03
5      LM     none  NA 20                1  13.04248 0.09998097   0.009829173  0.0007191082     0.4914586    0.03595541         0.49720295         0.02655425   0.000000e+00   0.000000e+00             NA             NA
6     OBS     none  NA 20                1  13.04602 0.10087062   0.009828106  0.0007195715     0.4914053    0.03597858         0.49721482         0.02653197   5.980540e-03   1.711658e-03   0.0026243509   1.522193e-04
7     BLM     none  NA 20                1  13.87542 0.10349120   0.020111381  0.0010206919     1.0055690    0.05103460         0.48924687         0.04388799   7.099892e-05   3.502508e-07   0.0001244934   5.883047e-07
8    CIRG     none  NA 20                1  11.99955 0.09736189   0.008730447  0.0004861753     0.4365224    0.02430876         0.13519085         0.03475316   2.924875e-01   2.725475e-02   0.0520378826   1.736331e-03
9     CPF     none  NA 20                1  13.88302 0.10403180   0.020072632  0.0010161412     1.0036316    0.05080706         0.48559517         0.04222277   1.669356e-02   3.133203e-03   0.0016989551   1.196363e-04
10     KM     none  NA 20                1  12.19235 0.09082759   0.008855446  0.0005430860     0.4427723    0.02715430         0.15051031         0.03502756   2.963624e-01   2.258638e-02   0.0503795216   1.862757e-03
11     LM     none  NA 20                1  13.87542 0.10349120   0.020111381  0.0010206919     1.0055690    0.05103460         0.48924687         0.04388799   0.000000e+00   0.000000e+00             NA             NA
12    OBS     none  NA 20                1  13.87973 0.10423441   0.020111566  0.0010214551     1.0055783    0.05107275         0.48925518         0.04386713   6.086088e-03   1.853338e-03   0.0027221357   1.424125e-04
   Var_e_hat_mean Var_e_hat_MCSE Var_a_MSE_mean Var_a_MSE_MCSE Var_b_MSE_mean Var_b_MSE_MCSE Var_e_MSE_mean Var_e_MSE_MCSE   G_MSE_mean   G_MSE_MCSE selected_K_mean selected_K_MCSE runtime_mean runtime_MCSE
1        12.93445     0.06492638      0.2499333   3.369681e-07    0.009976617   1.105726e-07      15.560017      0.5240084 0.0002878755 2.249674e-09            1.00       0.0000000      0.53480  0.060646196
2        11.18743     0.03734247      0.1792579   1.000125e-02    0.002409273   1.407876e-04       4.811355      0.1647010 0.0001152332 5.071716e-06            2.55       0.1846048     25.95285  4.288193113
3        12.88232     0.06437873      0.2353700   2.873836e-03    0.009685674   1.562925e-05      15.151167      0.5119809 0.0002766835 1.117160e-06           13.00       0.5026247      3.86095  0.348275280
4        11.27544     0.03716057      0.1632323   8.821098e-03    0.002581426   1.638408e-04       5.203873      0.1665453 0.0001123813 4.730349e-06            2.00       0.0000000     86.61080  6.850237337
5        12.93103     0.06490886      0.2500000   0.000000e+00             NA             NA      15.533076      0.5234197           NA           NA            1.00       0.0000000      0.02680  0.003439400
6        12.85822     0.06439728      0.2441109   1.670742e-03    0.009482457   2.959226e-05      14.964628      0.5090165 0.0002761375 7.391375e-07           20.00       0.0000000      7.71225  0.476951746
7        13.76463     0.06785791      5.0621805   1.576079e-06    0.009975117   1.175144e-07      22.789155      0.6519197 0.0021379994 2.842596e-09            1.00       0.0000000      0.46025  0.030098949
8        11.95096     0.04160728      3.8459687   1.056030e-01    0.002357647   1.608990e-04       8.741049      0.2461018 0.0015239720 4.219438e-05            2.55       0.1846048     17.37700  1.428972634
9        13.70873     0.06932245      4.9878442   1.395143e-02    0.009663367   2.347470e-05      22.263434      0.6583752 0.0021034266 5.391519e-06           12.40       0.3656285      3.26115  0.267047456
10       12.03766     0.03660941      3.8263928   8.939385e-02    0.002528119   1.817422e-04       9.252830      0.2222382 0.0015197227 3.562672e-05            2.00       0.0000000     74.21190  6.116101546
11       13.76099     0.06783971      5.0625000   0.000000e+00             NA             NA      22.754443      0.6512497           NA           NA            1.00       0.0000000      0.02985  0.003927819
12       13.68586     0.06720813      5.0352149   8.288828e-03    0.009463368   2.766190e-05      22.043084      0.6343788 0.0021177944 3.129345e-06           20.00       0.0000000      6.85280  0.445310918
   iterations_mean iterations_MCSE group_ARI_mean group_ARI_MCSE objective_mean objective_MCSE I_optimal_mean I_optimal_MCSE IMSPE_selected_mean IMSPE_selected_MCSE case R_setting Var_a_setting
1            26.00       0.0000000   0.000000e+00   0.0000000000             NA             NA             NA             NA                  NA                  NA   12        20          0.50
2            17.65       4.0427160   7.405126e-02   0.0044839987      -11.36613     0.03430643      0.7470981     0.04209540            11.36613          0.03430643   12        20          0.50
3           170.40       5.7598428  -1.616997e-05   0.0002814603             NA             NA             NA             NA                  NA                  NA   12        20          0.50
4             9.90       1.8608148   6.572882e-02   0.0023156305             NA             NA             NA             NA                  NA                  NA   12        20          0.50
5             1.00       0.0000000             NA             NA             NA             NA             NA             NA                  NA                  NA   12        20          0.50
6           244.80       4.8360488  -3.373013e-05   0.0001038553             NA             NA             NA             NA                  NA                  NA   12        20          0.50
7            26.00       0.0000000   0.000000e+00   0.0000000000             NA             NA             NA             NA                  NA                  NA   12        20          2.25
8             7.50       0.3363895   7.405126e-02   0.0044839987      -12.14143     0.03768341      0.8539520     0.05162421            12.14143          0.03768341   12        20          2.25
9           163.75       5.3058434  -3.121487e-04   0.0002873136             NA             NA             NA             NA                  NA                  NA   12        20          2.25
10            6.75       0.1758438   6.572882e-02   0.0023156305             NA             NA             NA             NA                  NA                  NA   12        20          2.25
11            1.00       0.0000000             NA             NA             NA             NA             NA             NA                  NA                  NA   12        20          2.25
12          247.50       4.6946218  -3.373013e-05   0.0001038553             NA             NA             NA             NA                  NA                  NA   12        20          2.25
