Host: erc-hpc-comp010
MODEL=RI CASE=7 R_LIST=10 VAR_A_LIST=0.5,2.25
LABEL_POLICY=unknown MIS_TYPE=none RHO=0 LAMBDA=0 CIRG_CRITERION=IMSPE
NLOOP=20 SA_MAX=25 EM_MAX=300 K_GRID_POINTS=8 N_CORES=8
============================================================
Method comparison
MODEL=RI cases=7 label_policy=unknown misspec=none rho=0
N=2500 p=50 R=10 Var.a=0.5,2.25
nloop=20 tau=255 lambda=0 CIRG_CRITERION=IMSPE
Budgets: SA_MAX=25 EM_MAX=300 K_GRID_POINTS=8 KMEANS_NUM_INIT=1 KMEANS_MAX_ITERS=25 CPF_LAMBDA_POINTS=6 CPF_MAX_ITER=300 BLM_NSTART=5 N_CORES=8
Methods: LM, KM, OBS, CPF, BLM, CIRG
============================================================

Running case=7 R=10 Var.a=0.5
Saved: results_comparison/RI_case7_R10_vara0.5_lambda0_none.rds 

Running case=7 R=10 Var.a=2.25
Saved: results_comparison/RI_case7_R10_vara2.25_lambda0_none.rds 

Finished. Elapsed minutes: 8.3978 
Saved combined: results_comparison/RI_cases7_R10_vara0.50-2.25_grid_lambda0_none.rds 

   method mis_type rho  n convergence_rate MSPE_mean  MSPE_MCSE beta_MSE_mean beta_MSE_MCSE beta_SSE_mean beta_SSE_MCSE intercept_MSE_mean intercept_MSE_MCSE Var_a_hat_mean Var_a_hat_MCSE Var_b_hat_mean Var_b_hat_MCSE
1     BLM     none  NA 20                1  9.394150 0.08109574   0.001188467  6.297798e-05    0.05942335   0.003148899         0.05812557         0.01719464   0.0044308019   1.283190e-03             NA             NA
2    CIRG     none  NA 20                1  9.391835 0.08121311   0.001187232  6.268112e-05    0.05936158   0.003134056         0.05824614         0.01694858   0.0010201172   5.166486e-04             NA             NA
3     CPF     none  NA 20                1  9.393170 0.08114086   0.001187922  6.303796e-05    0.05939608   0.003151898         0.05877202         0.01739679   0.0034879981   1.061752e-03             NA             NA
4      KM     none  NA 20                1  9.391947 0.08118155   0.001186341  6.314274e-05    0.05931707   0.003157137         0.05825774         0.01695740   0.0001472035   6.593480e-07             NA             NA
5      LM     none  NA 20                1  9.391947 0.08118150   0.001186342  6.314277e-05    0.05931708   0.003157139         0.05825774         0.01695740   0.0000000000   0.000000e+00             NA             NA
6     OBS     none  NA 20                1  9.392336 0.08120779   0.001187229  6.301268e-05    0.05936144   0.003150634         0.05825243         0.01695639   0.0021602747   6.855969e-04             NA             NA
7     BLM     none  NA 20                1 10.834273 0.22314875   0.001364236  6.740916e-05    0.06821180   0.003370458         0.24867727         0.07597841   0.0048429795   1.374744e-03             NA             NA
8    CIRG     none  NA 20                1 10.831785 0.22322925   0.001360216  6.752234e-05    0.06801079   0.003376117         0.24995499         0.07607692   0.0013315095   9.074338e-04             NA             NA
9     CPF     none  NA 20                1 10.832578 0.22322600   0.001363077  6.741945e-05    0.06815385   0.003370973         0.24937778         0.07634197   0.0030304784   1.003635e-03             NA             NA
10     KM     none  NA 20                1 10.831816 0.22317179   0.001361269  6.755536e-05    0.06806344   0.003377768         0.24999733         0.07608748   0.0001590084   1.550549e-06             NA             NA
11     LM     none  NA 20                1 10.831816 0.22317162   0.001361269  6.755540e-05    0.06806346   0.003377770         0.24999732         0.07608747   0.0000000000   0.000000e+00             NA             NA
12    OBS     none  NA 20                1 10.832308 0.22324431   0.001362413  6.746676e-05    0.06812063   0.003373338         0.24998296         0.07608339   0.0021900130   6.970758e-04             NA             NA
   Var_e_hat_mean Var_e_hat_MCSE Var_a_MSE_mean Var_a_MSE_MCSE Var_b_MSE_mean Var_b_MSE_MCSE Var_e_MSE_mean Var_e_MSE_MCSE G_MSE_mean G_MSE_MCSE selected_K_mean selected_K_MCSE runtime_mean runtime_MCSE iterations_mean
1        9.315548     0.04794059      0.2456201   1.261170e-03             NA             NA      0.1432380     0.03749583         NA         NA            5.85       0.0819178      0.26815 0.0206107120           36.60
2        9.318603     0.04799460      0.2489860   5.123939e-04             NA             NA      0.1452738     0.03765652         NA         NA            3.05       0.6003289     16.73725 2.2761303102           21.65
3        9.316330     0.04791767      0.2465456   1.046180e-03             NA             NA      0.1436907     0.03749922         NA         NA            7.15       0.2741014      0.34320 0.0203921554           40.80
4        9.319417     0.04794598      0.2498528   6.591525e-07             NA             NA      0.1457047     0.03761306         NA         NA            2.00       0.0000000     56.12050 3.9722385314           16.95
5        9.319271     0.04794543      0.2500000   0.000000e+00             NA             NA      0.1456103     0.03759936         NA         NA            1.00       0.0000000      0.01675 0.0001230105            1.00
6        9.317441     0.04795270      0.2478533   6.778409e-04             NA             NA      0.1444588     0.03758950         NA         NA           10.00       0.0000000      0.32880 0.0169212728           49.30
7       10.731410     0.19543871      5.0407660   6.161466e-03             NA             NA      3.7235110     0.88904390         NA         NA            5.95       0.0500000      0.31990 0.0246868706           39.25
8       10.734516     0.19540606      5.0565256   4.067215e-03             NA             NA      3.7340315     0.88964189         NA         NA            3.15       0.6294317     18.66260 2.2708578861           25.85
9       10.732693     0.19539402      5.0488912   4.500805e-03             NA             NA      3.7276216     0.88906496         NA         NA            7.45       0.3032716      0.43505 0.0247611192           48.50
10      10.735518     0.19544817      5.0617845   6.976968e-06             NA             NA      3.7378216     0.88967535         NA         NA            2.00       0.0000000     62.51990 4.3888440001           18.05
11      10.735360     0.19544673      5.0625000   0.000000e+00             NA             NA      3.7372623     0.88960742         NA         NA            1.00       0.0000000      0.01700 0.0001777047            1.00
12      10.733531     0.19540199      5.0526590   3.129138e-03             NA             NA      3.7305861     0.88918412         NA         NA           10.00       0.0000000      0.40435 0.0224435285           54.15
   iterations_MCSE group_ARI_mean group_ARI_MCSE objective_mean objective_MCSE I_optimal_mean I_optimal_MCSE IMSPE_selected_mean IMSPE_selected_MCSE case R_setting Var_a_setting
1        3.3438081  -0.0001200451   2.577146e-04             NA             NA             NA             NA                  NA                  NA    7        10          0.50
2        2.3410243  -0.0001756464   1.266169e-04      -9.382931     0.04828206     0.06448191   0.0003589549            9.382931          0.04828206    7        10          0.50
3        3.1073766  -0.0002095550   2.574762e-04             NA             NA             NA             NA                  NA                  NA    7        10          0.50
4        0.0500000  -0.0001036174   8.237979e-05             NA             NA             NA             NA                  NA                  NA    7        10          0.50
5        0.0000000             NA             NA             NA             NA             NA             NA                  NA                  NA    7        10          0.50
6        2.6597388  -0.0002519361   1.109870e-04             NA             NA             NA             NA                  NA                  NA    7        10          0.50
7        3.4080979  -0.0001067485   2.456426e-04             NA             NA             NA             NA                  NA                  NA    7        10          2.25
8        3.3983549  -0.0003170078   1.827990e-04     -10.808680     0.19673419     0.07423902   0.0013383352           10.808680          0.19673419    7        10          2.25
9        3.3642861   0.0001618206   2.569217e-04             NA             NA             NA             NA                  NA                  NA    7        10          2.25
10       0.1697521  -0.0001036174   8.237979e-05             NA             NA             NA             NA                  NA                  NA    7        10          2.25
11       0.0000000             NA             NA             NA             NA             NA             NA                  NA                  NA    7        10          2.25
12       3.1265207  -0.0002519361   1.109870e-04             NA             NA             NA             NA                  NA                  NA    7        10          2.25
