Host: erc-hpc-comp014
MODEL=RI CASE=15 R_LIST=20 VAR_A_LIST=0.5,2.25
LABEL_POLICY=unknown MIS_TYPE=none RHO=0 LAMBDA=0 CIRG_CRITERION=IMSPE
NLOOP=20 SA_MAX=25 EM_MAX=300 K_GRID_POINTS=8 N_CORES=8
============================================================
Method comparison
MODEL=RI cases=15 label_policy=unknown misspec=none rho=0
N=2500 p=50 R=20 Var.a=0.5,2.25
nloop=20 tau=255 lambda=0 CIRG_CRITERION=IMSPE
Budgets: SA_MAX=25 EM_MAX=300 K_GRID_POINTS=8 KMEANS_NUM_INIT=1 KMEANS_MAX_ITERS=25 CPF_LAMBDA_POINTS=6 CPF_MAX_ITER=300 BLM_NSTART=5 N_CORES=8
Methods: LM, KM, OBS, CPF, BLM, CIRG
============================================================

Running case=15 R=20 Var.a=0.5
Saved: results_comparison/RI_case15_R20_vara0.5_lambda0_none.rds 

Running case=15 R=20 Var.a=2.25
Saved: results_comparison/RI_case15_R20_vara2.25_lambda0_none.rds 

Finished. Elapsed minutes: 6.629717 
Saved combined: results_comparison/RI_cases15_R20_vara0.50-2.25_grid_lambda0_none.rds 

   method mis_type rho  n convergence_rate MSPE_mean  MSPE_MCSE beta_MSE_mean beta_MSE_MCSE beta_SSE_mean beta_SSE_MCSE intercept_MSE_mean intercept_MSE_MCSE Var_a_hat_mean Var_a_hat_MCSE Var_b_hat_mean Var_b_hat_MCSE
1     BLM     none  NA 20                1  9.746253 0.06275390   0.002711155  0.0001376708     0.1355578   0.006883542         0.01408384        0.004412740   0.0192649953   2.101231e-03             NA             NA
2    CIRG     none  NA 20                1  9.734140 0.06202412   0.002708330  0.0001351125     0.1354165   0.006755623         0.01234718        0.003489183   0.0002315480   4.385998e-05             NA             NA
3     CPF     none  NA 20                1  9.741005 0.06259122   0.002710330  0.0001372987     0.1355165   0.006864933         0.01392699        0.003984326   0.0121333543   1.928513e-03             NA             NA
4      KM     none  NA 20                1  9.734143 0.06202709   0.002707188  0.0001354338     0.1353594   0.006771692         0.01236697        0.003490253   0.0001591446   2.494703e-06             NA             NA
5      LM     none  NA 20                1  9.734158 0.06202807   0.002707494  0.0001355817     0.1353747   0.006779086         0.01236313        0.003489985   0.0000000000   0.000000e+00             NA             NA
6     OBS     none  NA 20                1  9.735716 0.06208225   0.002707873  0.0001364219     0.1353937   0.006821096         0.01236190        0.003487669   0.0040554388   9.544275e-04             NA             NA
7     BLM     none  NA 20                1 12.073322 0.15142027   0.006903337  0.0003621395     0.3451668   0.018106977         0.06301109        0.017234320   0.0218004884   2.872082e-03             NA             NA
8    CIRG     none  NA 20                1 12.056286 0.15070720   0.006920062  0.0003581730     0.3460031   0.017908648         0.05883071        0.015247585   0.0006684544   3.995816e-04             NA             NA
9     CPF     none  NA 20                1 12.064462 0.15135060   0.006904228  0.0003613672     0.3452114   0.018068358         0.06083133        0.015524333   0.0120354518   2.245445e-03             NA             NA
10     KM     none  NA 20                1 12.056402 0.15070515   0.006904534  0.0003585332     0.3452267   0.017926661         0.05899855        0.015248628   0.0001779104   3.239659e-06             NA             NA
11     LM     none  NA 20                1 12.056421 0.15070668   0.006903671  0.0003586853     0.3451836   0.017934266         0.05899120        0.015248702   0.0000000000   0.000000e+00             NA             NA
12    OBS     none  NA 20                1 12.057994 0.15097766   0.006903717  0.0003604695     0.3451859   0.018023476         0.05898588        0.015241482   0.0046073732   1.170347e-03             NA             NA
   Var_e_hat_mean Var_e_hat_MCSE Var_a_MSE_mean Var_a_MSE_MCSE Var_b_MSE_mean Var_b_MSE_MCSE Var_e_MSE_mean Var_e_MSE_MCSE G_MSE_mean G_MSE_MCSE selected_K_mean selected_K_MCSE runtime_mean runtime_MCSE iterations_mean
1        9.549479     0.03445742      0.2311900   2.010164e-03             NA             NA      0.3244856     0.03480943         NA         NA            6.95       0.0500000      0.15310 0.0110924109           18.05
2        9.565739     0.03485856      0.2497685   4.381049e-05             NA             NA      0.3431482     0.03628807         NA         NA            2.30       0.1277333     16.20870 2.4205190571           26.15
3        9.554866     0.03441575      0.2380845   1.874248e-03             NA             NA      0.3303809     0.03512988         NA         NA           11.50       0.2236068      0.40430 0.0528552193           43.05
4        9.565823     0.03486805      0.2498409   2.493870e-06             NA             NA      0.3432560     0.03630459         NA         NA            2.00       0.0000000     53.40795 4.3564741680           18.35
5        9.565698     0.03486931      0.2500000   0.000000e+00             NA             NA      0.3431152     0.03629742         NA         NA            1.00       0.0000000      0.01950 0.0019296850            1.00
6        9.561939     0.03462499      0.2459783   9.416942e-04             NA             NA      0.3385545     0.03583354         NA         NA           20.00       0.0000000      0.83935 0.0940067824           83.25
7       11.768375     0.10989686      4.9650298   1.276476e-02             NA             NA      7.8933691     0.75387003         NA         NA            7.00       0.0000000      0.17635 0.0168851032           19.95
8       11.787102     0.11063603      5.0594954   1.794825e-03             NA             NA      8.0005011     0.76526191         NA         NA            2.45       0.2562380     14.48615 1.1907560364           27.20
9       11.776339     0.11002729      5.0085811   1.003492e-02             NA             NA      7.9380725     0.75623963         NA         NA           12.25       0.3067229      0.48695 0.0575756013           53.95
10      11.787472     0.11064241      5.0616994   1.457726e-05             NA             NA      8.0025947     0.76526605         NA         NA            2.00       0.0000000     50.73240 4.0996036583           20.10
11      11.787330     0.11064145      5.0625000   0.000000e+00             NA             NA      8.0018001     0.76522074         NA         NA            1.00       0.0000000      0.01515 0.0007923151            1.00
12      11.783085     0.11019968      5.0418141   5.247607e-03             NA             NA      7.9762950     0.76009666         NA         NA           20.00       0.0000000      0.74365 0.0610770555           90.05
   iterations_MCSE group_ARI_mean group_ARI_MCSE objective_mean objective_MCSE I_optimal_mean I_optimal_MCSE IMSPE_selected_mean IMSPE_selected_MCSE case R_setting Var_a_setting
1        1.5483013  -2.180711e-04   0.0002212633             NA             NA             NA             NA                  NA                  NA   15        20          0.50
2        4.2970461   2.287390e-03   0.0004381694      -9.631279     0.03513306     0.06564953   0.0002915824            9.631279          0.03513306   15        20          0.50
3        7.4429320  -1.899108e-04   0.0002109291             NA             NA             NA             NA                  NA                  NA   15        20          0.50
4        0.3574397   2.690532e-03   0.0005817426             NA             NA             NA             NA                  NA                  NA   15        20          0.50
5        0.0000000             NA             NA             NA             NA             NA             NA                  NA                  NA   15        20          0.50
6        5.3162487  -3.373013e-05   0.0001038553             NA             NA             NA             NA                  NA                  NA   15        20          0.50
7        2.2401539  -2.597313e-04   0.0002110363             NA             NA             NA             NA                  NA                  NA   15        20          2.25
8        4.1234886   2.431114e-03   0.0004326126     -11.867942     0.11138588     0.08107459   0.0007995322           11.867942          0.11138588   15        20          2.25
9        7.6404309   7.048624e-05   0.0002833745             NA             NA             NA             NA                  NA                  NA   15        20          2.25
10       0.3471690   2.690532e-03   0.0005817426             NA             NA             NA             NA                  NA                  NA   15        20          2.25
11       0.0000000             NA             NA             NA             NA             NA             NA                  NA                  NA   15        20          2.25
12       5.6742609  -3.373013e-05   0.0001038553             NA             NA             NA             NA                  NA                  NA   15        20          2.25
