Host: erc-hpc-comp188
MODEL=RS CASE=12 R_LIST=10 VAR_A_LIST=0.5,2.25
LABEL_POLICY=unknown MIS_TYPE=none RHO=0 LAMBDA=0 CIRG_CRITERION=IMSPE
NLOOP=20 SA_MAX=25 EM_MAX=300 K_GRID_POINTS=8 N_CORES=8
============================================================
Method comparison
MODEL=RS cases=12 label_policy=unknown misspec=none rho=0
N=2500 p=50 R=10 Var.a=0.5,2.25
nloop=20 tau=255 lambda=0 CIRG_CRITERION=IMSPE
Budgets: SA_MAX=25 EM_MAX=300 K_GRID_POINTS=8 KMEANS_NUM_INIT=1 KMEANS_MAX_ITERS=25 CPF_LAMBDA_POINTS=6 CPF_MAX_ITER=300 BLM_NSTART=5 N_CORES=8
Methods: LM, KM, OBS, CPF, BLM, CIRG
============================================================

Running case=12 R=10 Var.a=0.5
Saved: results_comparison/RS_case12_R10_vara0.5_varb0.1_lambda0_none.rds 

Running case=12 R=10 Var.a=2.25
Saved: results_comparison/RS_case12_R10_vara2.25_varb0.1_lambda0_none.rds 

Finished. Elapsed minutes: 8.241417 
Saved combined: results_comparison/RS_cases12_R10_vara0.50-2.25_varb0.1_grid_lambda0_none.rds 

   method mis_type rho  n convergence_rate MSPE_mean  MSPE_MCSE beta_MSE_mean beta_MSE_MCSE beta_SSE_mean beta_SSE_MCSE intercept_MSE_mean intercept_MSE_MCSE Var_a_hat_mean Var_a_hat_MCSE Var_b_hat_mean Var_b_hat_MCSE
1     BLM     none  NA 20                1  12.67408 0.12978226   0.013653063  0.0012217399     0.6826532    0.06108699         0.42136595         0.02959447   6.563603e-05   5.260846e-07   0.0001136722   7.815223e-07
2    CIRG     none  NA 20                1  10.98530 0.07824996   0.008359280  0.0008309794     0.4179640    0.04154897         0.06846986         0.01682072   8.219029e-02   1.526713e-02   0.0486179582   2.567121e-03
3     CPF     none  NA 20                1  12.67539 0.13035919   0.013644349  0.0012226808     0.6822175    0.06113404         0.42011381         0.02904830   2.071791e-03   5.737532e-04   0.0010512531   4.523249e-05
4      KM     none  NA 20                1  11.14959 0.07766111   0.008473283  0.0008002195     0.4236641    0.04001097         0.08541029         0.01682171   1.057359e-01   2.026199e-02   0.0473149084   2.372956e-03
5      LM     none  NA 20                1  12.67408 0.12978226   0.013653063  0.0012217399     0.6826532    0.06108699         0.42136595         0.02959447   0.000000e+00   0.000000e+00             NA             NA
6     OBS     none  NA 20                1  12.67575 0.13029358   0.013656133  0.0012217809     0.6828066    0.06108905         0.42140596         0.02962039   1.209598e-03   3.819535e-04   0.0012861399   6.182231e-05
7     BLM     none  NA 20                1  13.42006 0.13136084   0.022851992  0.0014199670     1.1425996    0.07099835         0.38950726         0.04201248   6.942506e-05   5.244069e-07   0.0001202429   8.278116e-07
8    CIRG     none  NA 20                1  11.65629 0.08507449   0.011682153  0.0009087536     0.5841076    0.04543768         0.15377447         0.03972764   2.726915e-01   3.071116e-02   0.0490157650   2.778739e-03
9     CPF     none  NA 20                1  13.42159 0.13173658   0.022862997  0.0014220989     1.1431498    0.07110495         0.38909034         0.04097024   2.239354e-03   5.672122e-04   0.0010918919   4.881209e-05
10     KM     none  NA 20                1  11.82100 0.08023992   0.011748482  0.0008959622     0.5874241    0.04479811         0.17197195         0.03964876   3.042996e-01   3.473301e-02   0.0478636905   2.612999e-03
11     LM     none  NA 20                1  13.42006 0.13136084   0.022851992  0.0014199670     1.1425996    0.07099835         0.38950726         0.04201248   0.000000e+00   0.000000e+00             NA             NA
12    OBS     none  NA 20                1  13.42223 0.13184343   0.022856757  0.0014189100     1.1428379    0.07094550         0.38959759         0.04205287   1.247550e-03   4.028214e-04   0.0013557711   5.755310e-05
   Var_e_hat_mean Var_e_hat_MCSE Var_a_MSE_mean Var_a_MSE_MCSE Var_b_MSE_mean Var_b_MSE_MCSE Var_e_MSE_mean Var_e_MSE_MCSE   G_MSE_mean   G_MSE_MCSE selected_K_mean selected_K_MCSE runtime_mean runtime_MCSE
1        12.61315     0.10023673      0.2499344   5.260156e-07    0.009977278   1.561278e-07      13.245785      0.7188444 0.0002878886 3.188587e-09            1.00       0.0000000      0.38075  0.025387821
2        10.92738     0.05171338      0.1789936   1.106366e-02    0.002765326   2.689358e-04       3.765601      0.1934161 0.0001219761 7.325076e-06            2.25       0.1601808     20.76600  3.917762754
3        12.58813     0.09993830      0.2479388   5.680161e-04    0.009790893   8.939529e-06      13.064434      0.7114886 0.0002835384 3.130977e-07            7.95       0.2233124      1.64735  0.176337480
4        10.99334     0.04400087      0.1632446   1.297937e-02    0.002882706   2.534939e-04       4.010188      0.1700218 0.0001181776 8.256433e-06            2.00       0.0000000     62.84485  5.460030819
5        12.60982     0.10020940      0.2500000   0.000000e+00             NA             NA      13.221566      0.7179830           NA           NA            1.00       0.0000000      0.02090  0.001801900
6        12.58135     0.10021762      0.2487946   3.792102e-04    0.009744499   1.215856e-05      13.016867      0.7120324 0.0002829756 3.061914e-07           10.00       0.0000000      2.39760  0.200414641
7        13.34154     0.10142977      5.0621876   2.359758e-06    0.009975966   1.653649e-07      19.044477      0.8647279 0.0021380184 4.021078e-09            1.00       0.0000000      0.34435  0.017493950
8        11.58554     0.06469626      3.9276692   1.202420e-01    0.002746099   2.927591e-04       6.764534      0.3246367 0.0015628505 4.908692e-05            2.30       0.1638356     16.18295  2.120117080
9        13.31531     0.10122314      5.0524340   2.547882e-03    0.009782859   9.660425e-06      18.816589      0.8570885 0.0021305563 9.979978e-07            8.00       0.2406133      1.53145  0.136547437
10       11.65177     0.05285947      3.8086711   1.296285e-01    0.002847922   2.789530e-04       7.084998      0.2772595 0.0015190570 5.313319e-05            2.00       0.0000000     63.35155  5.392171595
11       13.33801     0.10140237      5.0625000   0.000000e+00             NA             NA      19.013720      0.8637837           NA           NA            1.00       0.0000000      0.03450  0.004104234
12       13.30804     0.10112204      5.0568907   1.809818e-03    0.009730747   1.132542e-05      18.753500      0.8548062 0.0021312680 7.532162e-07           10.00       0.0000000      2.70240  0.253317726
   iterations_mean iterations_MCSE group_ARI_mean group_ARI_MCSE objective_mean objective_MCSE I_optimal_mean I_optimal_MCSE IMSPE_selected_mean IMSPE_selected_MCSE case R_setting Var_a_setting
1            26.00       0.0000000   0.000000e+00   0.0000000000             NA             NA             NA             NA                  NA                  NA   12        10          0.50
2            11.95       2.4359965   1.429507e-01   0.0097654877      -11.08411     0.04813283      0.7713066     0.04153075            11.08411          0.04813283   12        10          0.50
3           107.40       4.8765821   9.467609e-05   0.0002340502             NA             NA             NA             NA                  NA                  NA   12        10          0.50
4             8.55       0.4838171   1.348720e-01   0.0079719194             NA             NA             NA             NA                  NA                  NA   12        10          0.50
5             1.00       0.0000000             NA             NA             NA             NA             NA             NA                  NA                  NA   12        10          0.50
6           134.60       3.7825082  -2.519361e-04   0.0001109870             NA             NA             NA             NA                  NA                  NA   12        10          0.50
7            26.00       0.0000000   0.000000e+00   0.0000000000             NA             NA             NA             NA                  NA                  NA   12        10          2.25
8            12.35       5.3020726   1.448038e-01   0.0099094163      -11.75446     0.06066810      0.8568385     0.05319541            11.75446          0.06066810   12        10          2.25
9           110.45       4.4829942   1.944776e-04   0.0003336434             NA             NA             NA             NA                  NA                  NA   12        10          2.25
10            6.80       0.1555973   1.348720e-01   0.0079719194             NA             NA             NA             NA                  NA                  NA   12        10          2.25
11            1.00       0.0000000             NA             NA             NA             NA             NA             NA                  NA                  NA   12        10          2.25
12          135.25       4.0954885  -2.519361e-04   0.0001109870             NA             NA             NA             NA                  NA                  NA   12        10          2.25
