Host: erc-hpc-comp010
MODEL=RS CASE=2 R_LIST=20 VAR_A_LIST=0.5,2.25
LABEL_POLICY=unknown MIS_TYPE=none RHO=0 LAMBDA=0 CIRG_CRITERION=IMSPE
NLOOP=20 SA_MAX=25 EM_MAX=300 K_GRID_POINTS=8 N_CORES=8
============================================================
Method comparison
MODEL=RS cases=2 label_policy=unknown misspec=none rho=0
N=2500 p=50 R=20 Var.a=0.5,2.25
nloop=20 tau=255 lambda=0 CIRG_CRITERION=IMSPE
Budgets: SA_MAX=25 EM_MAX=300 K_GRID_POINTS=8 KMEANS_NUM_INIT=1 KMEANS_MAX_ITERS=25 CPF_LAMBDA_POINTS=6 CPF_MAX_ITER=300 BLM_NSTART=5 N_CORES=8
Methods: LM, KM, OBS, CPF, BLM, CIRG
============================================================

Running case=2 R=20 Var.a=0.5
Saved: results_comparison/RS_case2_R20_vara0.5_varb0.1_lambda0_none.rds 

Running case=2 R=20 Var.a=2.25
Saved: results_comparison/RS_case2_R20_vara2.25_varb0.1_lambda0_none.rds 

Finished. Elapsed minutes: 6.651317 
Saved combined: results_comparison/RS_cases2_R20_vara0.50-2.25_varb0.1_grid_lambda0_none.rds 

   method mis_type rho  n convergence_rate MSPE_mean MSPE_MCSE beta_MSE_mean beta_MSE_MCSE beta_SSE_mean beta_SSE_MCSE intercept_MSE_mean intercept_MSE_MCSE Var_a_hat_mean Var_a_hat_MCSE Var_b_hat_mean Var_b_hat_MCSE
1     BLM     none  NA 20                1  14.22214 0.1051990   0.009508686  0.0004615356     0.4754343    0.02307678         0.03555381        0.008413171   6.813231e-05   2.697265e-07   7.432298e-05   2.883327e-07
2    CIRG     none  NA 20                1  14.22277 0.1047504   0.009494366  0.0004614725     0.4747183    0.02307363         0.03575680        0.008566122   2.333344e-03   1.524495e-03   2.177762e-04   1.886686e-05
3     CPF     none  NA 20                1  14.23195 0.1056446   0.009538808  0.0004625922     0.4769404    0.02312961         0.03646626        0.009225692   1.335815e-02   3.305394e-03   8.830248e-04   6.304950e-05
4      KM     none  NA 20                1  14.22232 0.1050839   0.009519888  0.0004610299     0.4759944    0.02305149         0.03574019        0.008563247   1.076163e-03   9.373382e-04   1.983415e-04   1.170770e-05
5      LM     none  NA 20                1  14.22214 0.1051990   0.009508686  0.0004615356     0.4754343    0.02307678         0.03555381        0.008413171   0.000000e+00   0.000000e+00             NA             NA
6     OBS     none  NA 20                1  14.22744 0.1057718   0.009518773  0.0004614472     0.4759387    0.02307236         0.03546400        0.008371238   4.050292e-03   1.419322e-03   1.521037e-03   8.781416e-05
7     BLM     none  NA 20                1  15.85587 0.1799513   0.009828861  0.0005086295     0.4914430    0.02543147         0.15084600        0.037542324   7.409981e-05   8.153861e-07   8.070998e-05   8.751810e-07
8    CIRG     none  NA 20                1  15.85646 0.1796428   0.009816633  0.0005085951     0.4908317    0.02542976         0.15137685        0.037878749   2.410410e-03   1.538754e-03   2.481971e-04   2.331118e-05
9     CPF     none  NA 20                1  15.86913 0.1802853   0.009856469  0.0005123926     0.4928235    0.02561963         0.15527536        0.039059360   1.295354e-02   3.296450e-03   1.018262e-03   4.648797e-05
10     KM     none  NA 20                1  15.85621 0.1799189   0.009841439  0.0005079195     0.4920719    0.02539597         0.15134318        0.037867084   1.221692e-03   1.074984e-03   2.093882e-04   1.160422e-05
11     LM     none  NA 20                1  15.85587 0.1799513   0.009828861  0.0005086295     0.4914430    0.02543147         0.15084600        0.037542324   0.000000e+00   0.000000e+00             NA             NA
12    OBS     none  NA 20                1  15.86238 0.1803529   0.009839977  0.0005079717     0.4919989    0.02539858         0.15062290        0.037442533   4.479634e-03   1.676720e-03   1.676084e-03   9.971158e-05
   Var_e_hat_mean Var_e_hat_MCSE Var_a_MSE_mean Var_a_MSE_MCSE Var_b_MSE_mean Var_b_MSE_MCSE Var_e_MSE_mean Var_e_MSE_MCSE   G_MSE_mean   G_MSE_MCSE selected_K_mean selected_K_MCSE runtime_mean runtime_MCSE
1        13.92668     0.08572730      0.2499319   2.696893e-07    0.009985141   5.762333e-08       24.41185      0.8866244 0.0002880388 1.209977e-09             1.0       0.0000000      0.36730 0.0036563571
2        13.92106     0.08555656      0.2477163   1.489251e-03    0.009956499   3.762996e-06       24.35587      0.8844941 0.0002866364 5.854697e-07             2.3       0.1791794     27.52620 1.9494625786
3        13.88061     0.08545371      0.2370279   3.145644e-03    0.009824250   1.245622e-05       23.95906      0.8772214 0.0002799848 1.151267e-06            11.9       0.2982405      2.05375 0.0638988870
4        13.92309     0.08562037      0.2489417   9.195090e-04    0.009960374   2.336873e-06       24.37606      0.8851193 0.0002871820 3.456575e-07             2.0       0.0000000     35.70110 2.3599877719
5        13.92300     0.08571603      0.2500000   0.000000e+00             NA             NA       24.37548      0.8858679           NA           NA             1.0       0.0000000      0.01610 0.0001905670
6        13.85361     0.08460156      0.2460044   1.393883e-03    0.009698253   1.725610e-05       23.69350      0.8625248 0.0002810138 5.055629e-07            20.0       0.0000000      3.67775 0.0665627869
7        15.50792     0.17916184      5.0621666   3.669115e-06    0.009983865   1.748928e-07       42.96294      2.4047278 0.0021381622 4.771488e-09             1.0       0.0000000      0.37075 0.0032709849
8        15.50156     0.17930938      5.0517040   6.889379e-03    0.009950433   4.648124e-06       42.88121      2.4056813 0.0021334970 2.667502e-06             2.4       0.1973509     27.02095 1.9572378785
9        15.45589     0.17850845      5.0045833   1.469524e-02    0.009797425   9.198934e-06       42.28400      2.3811682 0.0021124393 5.589327e-06            12.2       0.3043544      2.12645 0.0771291287
10       15.50417     0.17922499      5.0570258   4.814002e-03    0.009958169   2.315968e-06       42.91451      2.4046067 0.0021356918 1.840133e-06             2.0       0.0000000     35.07210 2.3535634572
11       15.50392     0.17911820      5.0625000   0.000000e+00             NA             NA       42.91050      2.4026810           NA           NA             1.0       0.0000000      0.01565 0.0001312892
12       15.42758     0.17692839      5.0424151   7.505787e-03    0.009667781   1.957037e-05       41.90849      2.3487848 0.0021244922 2.780204e-06            20.0       0.0000000      3.57345 0.0587727324
   iterations_mean iterations_MCSE group_ARI_mean group_ARI_MCSE objective_mean objective_MCSE I_optimal_mean I_optimal_MCSE IMSPE_selected_mean IMSPE_selected_MCSE case R_setting Var_a_setting
1            27.30       0.1051315   0.000000e+00   0.000000e+00             NA             NA             NA             NA                  NA                  NA    2        20          0.50
2            46.30       3.9370708  -4.714570e-06   7.547581e-05       -14.0221      0.0863062      0.1014745   0.0009670085             14.0221           0.0863062    2        20          0.50
3           141.25       4.0813278   2.679385e-04   3.125182e-04             NA             NA             NA             NA                  NA                  NA    2        20          0.50
4            40.90       3.1067837  -4.936154e-06   5.990118e-05             NA             NA             NA             NA                  NA                  NA    2        20          0.50
5             1.00       0.0000000             NA             NA             NA             NA             NA             NA                  NA                  NA    2        20          0.50
6           225.00       3.8484447  -3.373013e-05   1.038553e-04             NA             NA             NA             NA                  NA                  NA    2        20          0.50
7            27.95       0.0500000   0.000000e+00   0.000000e+00             NA             NA             NA             NA                  NA                  NA    2        20          2.25
8            47.35       3.5749678  -2.213938e-05   7.231657e-05       -15.6145      0.1806264      0.1128078   0.0014921944             15.6145           0.1806264    2        20          2.25
9           149.30       4.8990332   2.481359e-04   3.113370e-04             NA             NA             NA             NA                  NA                  NA    2        20          2.25
10           42.25       3.0589601  -4.936154e-06   5.990118e-05             NA             NA             NA             NA                  NA                  NA    2        20          2.25
11            1.00       0.0000000             NA             NA             NA             NA             NA             NA                  NA                  NA    2        20          2.25
12          225.60       3.7002134  -3.373013e-05   1.038553e-04             NA             NA             NA             NA                  NA                  NA    2        20          2.25
