Host: erc-hpc-comp189
MODEL=RI CASE=9 R_LIST=50 VAR_A_LIST=0.5,2.25
LABEL_POLICY=unknown MIS_TYPE=none RHO=0 LAMBDA=0 CIRG_CRITERION=IMSPE
NLOOP=20 SA_MAX=25 EM_MAX=300 K_GRID_POINTS=8 N_CORES=8
============================================================
Method comparison
MODEL=RI cases=9 label_policy=unknown misspec=none rho=0
N=2500 p=50 R=50 Var.a=0.5,2.25
nloop=20 tau=255 lambda=0 CIRG_CRITERION=IMSPE
Budgets: SA_MAX=25 EM_MAX=300 K_GRID_POINTS=8 KMEANS_NUM_INIT=1 KMEANS_MAX_ITERS=25 CPF_LAMBDA_POINTS=6 CPF_MAX_ITER=300 BLM_NSTART=5 N_CORES=8
Methods: LM, KM, OBS, CPF, BLM, CIRG
============================================================

Running case=9 R=50 Var.a=0.5
Saved: results_comparison/RI_case9_R50_vara0.5_lambda0_none.rds 

Running case=9 R=50 Var.a=2.25
Saved: results_comparison/RI_case9_R50_vara2.25_lambda0_none.rds 

Finished. Elapsed minutes: 9.894517 
Saved combined: results_comparison/RI_cases9_R50_vara0.50-2.25_grid_lambda0_none.rds 

   method mis_type rho  n convergence_rate MSPE_mean  MSPE_MCSE beta_MSE_mean beta_MSE_MCSE beta_SSE_mean beta_SSE_MCSE intercept_MSE_mean intercept_MSE_MCSE Var_a_hat_mean Var_a_hat_MCSE Var_b_hat_mean Var_b_hat_MCSE
1     BLM     none  NA 20                1  9.534952 0.05653658   0.001219403  5.494920e-05    0.06097013   0.002747460         0.02073110        0.006503229   0.0638014336   0.0044734694             NA             NA
2    CIRG     none  NA 20                1  9.495105 0.05639849   0.001210931  5.502312e-05    0.06054655   0.002751156         0.01582156        0.005055071   0.0005257196   0.0003404197             NA             NA
3     CPF     none  NA 20                1  9.506935 0.05661332   0.001211111  5.422364e-05    0.06055553   0.002711182         0.05828355        0.019548973   0.1190358177   0.0126085999             NA             NA
4      KM     none  NA 20                1  9.494602 0.05640762   0.001210585  5.509309e-05    0.06052923   0.002754654         0.01582250        0.005055155   0.0005086434   0.0003409363             NA             NA
5      LM     none  NA 20                1  9.494960 0.05639342   0.001208993  5.467142e-05    0.06044967   0.002733571         0.01581921        0.005052067   0.0000000000   0.0000000000             NA             NA
6     OBS     none  NA 20                1  9.495368 0.05622640   0.001209739  5.457277e-05    0.06048697   0.002728639         0.01581918        0.005051307   0.0071208030   0.0016506689             NA             NA
7     BLM     none  NA 20                1 11.111030 0.11109795   0.001405196  6.932747e-05    0.07025982   0.003466373         0.07839048        0.024538202   0.0748571082   0.0049632212             NA             NA
8    CIRG     none  NA 20                1 11.063398 0.10921880   0.001394888  7.042546e-05    0.06974441   0.003521273         0.06901750        0.023455129   0.0006722602   0.0004733447             NA             NA
9     CPF     none  NA 20                1 11.087669 0.11095656   0.001394548  6.912719e-05    0.06972739   0.003456360         0.15252249        0.054219616   0.1368550409   0.0112964745             NA             NA
10     KM     none  NA 20                1 11.062794 0.10921659   0.001394735  7.045396e-05    0.06973675   0.003522698         0.06902663        0.023458412   0.0006512322   0.0004739517             NA             NA
11     LM     none  NA 20                1 11.063273 0.10921874   0.001391848  6.968621e-05    0.06959239   0.003484310         0.06905381        0.023448894   0.0000000000   0.0000000000             NA             NA
12    OBS     none  NA 20                1 11.064004 0.10918299   0.001392813  6.948693e-05    0.06964063   0.003474347         0.06905354        0.023447557   0.0077815358   0.0017225703             NA             NA
   Var_e_hat_mean Var_e_hat_MCSE Var_a_MSE_mean Var_a_MSE_MCSE Var_b_MSE_mean Var_b_MSE_MCSE Var_e_MSE_mean Var_e_MSE_MCSE G_MSE_mean G_MSE_MCSE selected_K_mean selected_K_MCSE runtime_mean runtime_MCSE iterations_mean
1        9.303126     0.02919958      0.1906494   0.0038850168             NA             NA      0.1080853     0.01950986         NA         NA            9.80      0.09176629      0.11745  0.003691723           11.30
2        9.352307     0.03060518      0.2494768   0.0003379844             NA             NA      0.1419173     0.02325144         NA         NA            2.20      0.20000000     20.48900  3.395705655           22.35
3        9.333160     0.02996565      0.1481543   0.0090780130             NA             NA      0.1280565     0.02158794         NA         NA            4.70      0.33324560      0.37580  0.007425631           14.95
4        9.352324     0.03060744      0.2494938   0.0003384981             NA             NA      0.1419316     0.02325287         NA         NA            2.00      0.00000000     69.09160  5.518418280           20.70
5        9.352413     0.03057857      0.2500000   0.0000000000             NA             NA      0.1419610     0.02322825         NA         NA            1.00      0.00000000      0.01250  0.001150515            1.00
6        9.345706     0.03020313      0.2429817   0.0016112779             NA             NA      0.1368447     0.02257930         NA         NA           50.00      0.00000000      1.51170  0.122351760          142.90
7       10.833516     0.10481672      4.7317146   0.0215550072             NA             NA      3.5705244     0.40097880         NA         NA            9.65      0.10942433      0.11805  0.005984838           11.40
8       10.890737     0.10663250      5.0594795   0.0021253961             NA             NA      3.7909274     0.41958041         NA         NA            2.20      0.20000000     21.04165  3.389195729           23.05
9       10.864172     0.10565293      4.4678062   0.0476028919             NA             NA      3.6872273     0.41084079         NA         NA            4.40      0.30262014      0.34580  0.008448793           13.60
10      10.890758     0.10662910      5.0595741   0.0021281226             NA             NA      3.7909902     0.41956949         NA         NA            2.00      0.00000000     78.93550  6.025396069           21.10
11      10.890890     0.10662706      5.0625000   0.0000000000             NA             NA      3.7914818     0.41951465         NA         NA            1.00      0.00000000      0.01745  0.002825146            1.00
12      10.883542     0.10619048      5.0276000   0.0077082820             NA             NA      3.7619811     0.41659985         NA         NA           50.00      0.00000000      1.99575  0.256269224          155.95
   iterations_MCSE group_ARI_mean group_ARI_MCSE objective_mean objective_MCSE I_optimal_mean I_optimal_MCSE IMSPE_selected_mean IMSPE_selected_MCSE case R_setting Var_a_setting
1        0.4358899   3.417369e-05   1.419706e-04             NA             NA             NA             NA                  NA                  NA    9        50          0.50
2        2.1573314  -3.944896e-05   4.339515e-05      -9.479438     0.03112555      0.1275169   0.0006702553            9.479438          0.03112555    9        50          0.50
3        1.0845203   3.619812e-05   7.300909e-05             NA             NA             NA             NA                  NA                  NA    9        50          0.50
4        1.6044346  -3.963005e-05   3.813492e-05             NA             NA             NA             NA                  NA                  NA    9        50          0.50
5        0.0000000             NA             NA             NA             NA             NA             NA                  NA                  NA    9        50          0.50
6        9.3886550  -1.043958e-04   1.635189e-04             NA             NA             NA             NA                  NA                  NA    9        50          0.50
7        0.6000000   9.887456e-05   1.384915e-04             NA             NA             NA             NA                  NA                  NA    9        50          2.25
8        2.3277219  -6.055073e-05   4.693164e-05     -11.038788     0.10813210      0.1485355   0.0016142237           11.038788          0.10813210    9        50          2.25
9        1.2277493  -5.399246e-06   8.435327e-05             NA             NA             NA             NA                  NA                  NA    9        50          2.25
10       1.1071538  -3.963005e-05   3.813492e-05             NA             NA             NA             NA                  NA                  NA    9        50          2.25
11       0.0000000             NA             NA             NA             NA             NA             NA                  NA                  NA    9        50          2.25
12      10.2285655  -1.043958e-04   1.635189e-04             NA             NA             NA             NA                  NA                  NA    9        50          2.25
