Host: erc-hpc-comp188
MODEL=RI CASE=11 R_LIST=10 VAR_A_LIST=0.5,2.25
LABEL_POLICY=unknown MIS_TYPE=none RHO=0 LAMBDA=0 CIRG_CRITERION=IMSPE
NLOOP=20 SA_MAX=25 EM_MAX=300 K_GRID_POINTS=8 N_CORES=8
============================================================
Method comparison
MODEL=RI cases=11 label_policy=unknown misspec=none rho=0
N=2500 p=50 R=10 Var.a=0.5,2.25
nloop=20 tau=255 lambda=0 CIRG_CRITERION=IMSPE
Budgets: SA_MAX=25 EM_MAX=300 K_GRID_POINTS=8 KMEANS_NUM_INIT=1 KMEANS_MAX_ITERS=25 CPF_LAMBDA_POINTS=6 CPF_MAX_ITER=300 BLM_NSTART=5 N_CORES=8
Methods: LM, KM, OBS, CPF, BLM, CIRG
============================================================

Running case=11 R=10 Var.a=0.5
Saved: results_comparison/RI_case11_R10_vara0.5_lambda0_none.rds 

Running case=11 R=10 Var.a=2.25
Saved: results_comparison/RI_case11_R10_vara2.25_lambda0_none.rds 

Finished. Elapsed minutes: 11.12017 
Saved combined: results_comparison/RI_cases11_R10_vara0.50-2.25_grid_lambda0_none.rds 

   method mis_type rho  n convergence_rate MSPE_mean  MSPE_MCSE beta_MSE_mean beta_MSE_MCSE beta_SSE_mean beta_SSE_MCSE intercept_MSE_mean intercept_MSE_MCSE Var_a_hat_mean Var_a_hat_MCSE Var_b_hat_mean Var_b_hat_MCSE
1     BLM     none  NA 20                1  9.141859 0.04283878   0.005667868  0.0001936085     0.2833934   0.009680424        0.001418814       0.0004462899    0.004162093   0.0010596788             NA             NA
2    CIRG     none  NA 20                1  9.132391 0.04409647   0.005153243  0.0001824623     0.2576622   0.009123116        0.003826772       0.0017685436    0.049821852   0.0165459096             NA             NA
3     CPF     none  NA 20                1  9.140442 0.04290586   0.005667205  0.0001934795     0.2833603   0.009673973        0.001466245       0.0004189114    0.003192951   0.0008727165             NA             NA
4      KM     none  NA 20                1  9.133737 0.04371163   0.005262627  0.0002021435     0.2631313   0.010107174        0.001217445       0.0003252029    0.040218075   0.0157517392             NA             NA
5      LM     none  NA 20                1  9.138891 0.04312333   0.005664394  0.0001938644     0.2832197   0.009693220        0.001294172       0.0003858271    0.000000000   0.0000000000             NA             NA
6     OBS     none  NA 20                1  9.139526 0.04299266   0.005666115  0.0001937881     0.2833057   0.009689404        0.001294559       0.0003857375    0.002170649   0.0006594920             NA             NA
7     BLM     none  NA 20                1  9.268383 0.04187125   0.011517789  0.0002375008     0.5758895   0.011875040        0.003023436       0.0009521295    0.004313071   0.0011043811             NA             NA
8    CIRG     none  NA 20                1  9.212703 0.04390492   0.007175863  0.0004151528     0.3587932   0.020757640        0.017407823       0.0067260729    0.405532378   0.0738610813             NA             NA
9     CPF     none  NA 20                1  9.266659 0.04199701   0.011517615  0.0002373718     0.5758808   0.011868588        0.002904535       0.0009127508    0.002915008   0.0008666466             NA             NA
10     KM     none  NA 20                1  9.234481 0.04372436   0.008361104  0.0004024184     0.4180552   0.020120919        0.003299250       0.0013371725    0.236803873   0.0644468024             NA             NA
11     LM     none  NA 20                1  9.265538 0.04219716   0.011514509  0.0002374820     0.5757254   0.011874102        0.002752290       0.0008766271    0.000000000   0.0000000000             NA             NA
12    OBS     none  NA 20                1  9.266275 0.04206201   0.011516303  0.0002374759     0.5758151   0.011873797        0.002752706       0.0008764424    0.002189305   0.0007046545             NA             NA
   Var_e_hat_mean Var_e_hat_MCSE Var_a_MSE_mean Var_a_MSE_MCSE Var_b_MSE_mean Var_b_MSE_MCSE Var_e_MSE_mean Var_e_MSE_MCSE G_MSE_mean G_MSE_MCSE selected_K_mean selected_K_MCSE runtime_mean runtime_MCSE iterations_mean
1        8.962349     0.03340545      0.2458766   0.0010457375             NA             NA     0.02262015    0.006444914         NA         NA            5.95       0.0500000      0.34740  0.044871536           36.45
2        8.958675     0.03373818      0.2078619   0.0131409700             NA             NA     0.02333475    0.006562122         NA         NA            2.50       0.2665570     22.99490  4.035569353           21.35
3        8.963361     0.03342832      0.2468317   0.0008633201             NA             NA     0.02257402    0.006425366         NA         NA            7.45       0.2457534      0.43950  0.042591542           42.20
4        8.960813     0.03364203      0.2161136   0.0124296989             NA             NA     0.02303953    0.006538001         NA         NA            2.00       0.0000000     86.95705  5.949677126           20.45
5        8.966185     0.03349867      0.2500000   0.0000000000             NA             NA     0.02246453    0.006387931         NA         NA            1.00       0.0000000      0.02540  0.001907603            1.00
6        8.964321     0.03343518      0.2478423   0.0006532058             NA             NA     0.02251327    0.006416662         NA         NA           10.00       0.0000000      0.61030  0.064995308           49.95
7        9.104860     0.03586310      5.0431330   0.0049537244             NA             NA     0.03543279    0.013446377         NA         NA            5.95       0.0500000      0.36860  0.047687326           35.70
8        9.061442     0.03675395      3.5057145   0.2600367746             NA             NA     0.02944135    0.011345464         NA         NA            3.50       0.4071725     24.13910  4.349149778           12.85
9        9.106288     0.03590754      5.0494052   0.0038900963             NA             NA     0.03579481    0.013477452         NA         NA            7.50       0.2460210      0.61060  0.064194909           47.95
10       9.077115     0.03644181      4.1318731   0.2251381752             NA             NA     0.03117875    0.012103814         NA         NA            2.00       0.0000000     82.79180  3.726823238           12.05
11       9.108838     0.03595486      5.0625000   0.0000000000             NA             NA     0.03640793    0.013523397         NA         NA            1.00       0.0000000      0.02875  0.002469685            1.00
12       9.106967     0.03590160      5.0526624   0.0031636292             NA             NA     0.03593149    0.013499713         NA         NA           10.00       0.0000000      0.68340  0.076816233           50.30
   iterations_MCSE group_ARI_mean group_ARI_MCSE objective_mean objective_MCSE I_optimal_mean I_optimal_MCSE IMSPE_selected_mean IMSPE_selected_MCSE case R_setting Var_a_setting
1         3.582468  -0.0001269445   0.0003046268             NA             NA             NA             NA                  NA                  NA   11        10          0.50
2         1.646807   0.2866246260   0.0225405725      -9.020871     0.03393601     0.08630532    0.008472413            9.020871          0.03393601   11        10          0.50
3         3.466076  -0.0005878189   0.0003296424             NA             NA             NA             NA                  NA                  NA   11        10          0.50
4         1.561839   0.2315044439   0.0065421959             NA             NA             NA             NA                  NA                  NA   11        10          0.50
5         0.000000             NA             NA             NA             NA             NA             NA                  NA                  NA   11        10          0.50
6         3.083466  -0.0002519361   0.0001109870             NA             NA             NA             NA                  NA                  NA   11        10          0.50
7         3.414443   0.0002208608   0.0003320342             NA             NA             NA             NA                  NA                  NA   11        10          2.25
8         1.394114   0.3678511578   0.0283214074      -9.126298     0.03684443     0.19776457    0.030510878            9.126298          0.03684443   11        10          2.25
9         4.740350   0.0001213380   0.0003134128             NA             NA             NA             NA                  NA                  NA   11        10          2.25
10        1.496443   0.2315044439   0.0065421959             NA             NA             NA             NA                  NA                  NA   11        10          2.25
11        0.000000             NA             NA             NA             NA             NA             NA                  NA                  NA   11        10          2.25
12        3.178133  -0.0002519361   0.0001109870             NA             NA             NA             NA                  NA                  NA   11        10          2.25
