Host: erc-hpc-comp028
MODEL=RI CASE=11 R_LIST=20 VAR_A_LIST=0.5,2.25
LABEL_POLICY=unknown MIS_TYPE=none RHO=0 LAMBDA=0 CIRG_CRITERION=IMSPE
NLOOP=20 SA_MAX=25 EM_MAX=300 K_GRID_POINTS=8 N_CORES=8
============================================================
Method comparison
MODEL=RI cases=11 label_policy=unknown misspec=none rho=0
N=2500 p=50 R=20 Var.a=0.5,2.25
nloop=20 tau=255 lambda=0 CIRG_CRITERION=IMSPE
Budgets: SA_MAX=25 EM_MAX=300 K_GRID_POINTS=8 KMEANS_NUM_INIT=1 KMEANS_MAX_ITERS=25 CPF_LAMBDA_POINTS=6 CPF_MAX_ITER=300 BLM_NSTART=5 N_CORES=8
Methods: LM, KM, OBS, CPF, BLM, CIRG
============================================================

Running case=11 R=20 Var.a=0.5
Saved: results_comparison/RI_case11_R20_vara0.5_lambda0_none.rds 

Running case=11 R=20 Var.a=2.25
Saved: results_comparison/RI_case11_R20_vara2.25_lambda0_none.rds 

Finished. Elapsed minutes: 8.2456 
Saved combined: results_comparison/RI_cases11_R20_vara0.50-2.25_grid_lambda0_none.rds 

   method mis_type rho  n convergence_rate MSPE_mean  MSPE_MCSE beta_MSE_mean beta_MSE_MCSE beta_SSE_mean beta_SSE_MCSE intercept_MSE_mean intercept_MSE_MCSE Var_a_hat_mean Var_a_hat_MCSE Var_b_hat_mean Var_b_hat_MCSE
1     BLM     none  NA 20                1  9.135271 0.05171870   0.006239445  0.0002286508     0.3119722    0.01143254        0.001824481       0.0003890520    0.017581614    0.002404368             NA             NA
2    CIRG     none  NA 20                1  9.129069 0.05182193   0.005669571  0.0003021041     0.2834786    0.01510520        0.002649000       0.0010750846    0.061247444    0.021794233             NA             NA
3     CPF     none  NA 20                1  9.131861 0.05156940   0.006233889  0.0002298176     0.3116944    0.01149088        0.001986614       0.0005380062    0.011539755    0.001821755             NA             NA
4      KM     none  NA 20                1  9.128479 0.05158701   0.005812983  0.0002716882     0.2906492    0.01358441        0.001581314       0.0003959925    0.024456108    0.006855220             NA             NA
5      LM     none  NA 20                1  9.130509 0.05206007   0.006219742  0.0002329273     0.3109871    0.01164637        0.001394200       0.0003618889    0.000000000    0.000000000             NA             NA
6     OBS     none  NA 20                1  9.129761 0.05201614   0.006223889  0.0002318492     0.3111945    0.01159246        0.001394306       0.0003617887    0.003752083    0.001177997             NA             NA
7     BLM     none  NA 20                1  9.293733 0.05084872   0.012443523  0.0002584309     0.6221762    0.01292155        0.002774901       0.0006717228    0.017991269    0.002534568             NA             NA
8    CIRG     none  NA 20                1  9.247218 0.05069295   0.008009359  0.0005839809     0.4004680    0.02919905        0.007291679       0.0032330703    0.397647448    0.075467274             NA             NA
9     CPF     none  NA 20                1  9.289980 0.05107845   0.012438388  0.0002592359     0.6219194    0.01296179        0.003158085       0.0008643461    0.011439092    0.001956435             NA             NA
10     KM     none  NA 20                1  9.266381 0.04970339   0.009395541  0.0004945229     0.4697771    0.02472615        0.003822893       0.0012073444    0.171083137    0.033035008             NA             NA
11     LM     none  NA 20                1  9.288186 0.05141418   0.012422642  0.0002613379     0.6211321    0.01306689        0.002248604       0.0006709046    0.000000000    0.000000000             NA             NA
12    OBS     none  NA 20                1  9.287577 0.05133657   0.012426800  0.0002609284     0.6213400    0.01304642        0.002248878       0.0006709896    0.003726905    0.001207413             NA             NA
   Var_e_hat_mean Var_e_hat_MCSE Var_a_MSE_mean Var_a_MSE_MCSE Var_b_MSE_mean Var_b_MSE_MCSE Var_e_MSE_mean Var_e_MSE_MCSE G_MSE_mean G_MSE_MCSE selected_K_mean selected_K_MCSE runtime_mean runtime_MCSE iterations_mean
1        8.921678     0.04095336      0.2328373    0.002287688             NA             NA     0.03800072     0.01075464         NA         NA            7.00      0.00000000      0.17640 0.0219139946           20.60
2        8.927516     0.04139724      0.2015286    0.015203782             NA             NA     0.03781485     0.01115485         NA         NA            3.40      0.58669458     17.59335 1.9913367545           26.35
3        8.926133     0.04102703      0.2386565    0.001764431             NA             NA     0.03743746     0.01076462         NA         NA           11.05      0.32827299      0.37025 0.0315090526           37.00
4        8.931874     0.04137053      0.2270349    0.006375356             NA             NA     0.03716010     0.01104249         NA         NA            2.00      0.00000000     64.48555 3.7526427056           19.05
5        8.936393     0.04128851      0.2500000    0.000000000             NA             NA     0.03643598     0.01088912         NA         NA            1.00      0.00000000      0.01780 0.0009392046            1.00
6        8.932945     0.04113831      0.2462884    0.001155117             NA             NA     0.03665124     0.01074754         NA         NA           20.00      0.00000000      0.85400 0.0794757494           84.80
7        9.077988     0.04182322      4.9819850    0.011277909             NA             NA     0.03931659     0.01572892         NA         NA            6.90      0.06882472      0.23615 0.0356179490           20.85
8        9.045363     0.04322278      3.5394209    0.255104766             NA             NA     0.03755379     0.01687681         NA         NA            3.30      0.33324560     17.33890 2.2222587027           12.10
9        9.082666     0.04208431      5.0112277    0.008732135             NA             NA     0.04048437     0.01639974         NA         NA           11.10      0.35466812      0.47505 0.0505496876           39.15
10       9.064997     0.04291570      4.3426302    0.134752250             NA             NA     0.03921803     0.01692931         NA         NA            2.00      0.00000000     74.93370 5.7000044903           12.75
11       9.092712     0.04208891      5.0625000    0.000000000             NA             NA     0.04225366     0.01710021         NA         NA            1.00      0.00000000      0.02535 0.0038813149            1.00
12       9.089304     0.04198933      5.0457705    0.005409513             NA             NA     0.04147424     0.01672424         NA         NA           20.00      0.00000000      1.02740 0.1000725894           85.45
   iterations_MCSE group_ARI_mean group_ARI_MCSE objective_mean objective_MCSE I_optimal_mean I_optimal_MCSE IMSPE_selected_mean IMSPE_selected_MCSE case R_setting Var_a_setting
1        3.1584473  -2.348358e-04   0.0002561158             NA             NA             NA             NA                  NA                  NA   11        20          0.50
2        3.8315003   1.742157e-01   0.0182899721      -8.990028     0.04163934     0.08317643    0.006101368            8.990028          0.04163934   11        20          0.50
3        4.6049173  -4.305645e-04   0.0003020187             NA             NA             NA             NA                  NA                  NA   11        20          0.50
4        0.8444089   1.209117e-01   0.0033129608             NA             NA             NA             NA                  NA                  NA   11        20          0.50
5        0.0000000             NA             NA             NA             NA             NA             NA                  NA                  NA   11        20          0.50
6        5.1501661  -3.373013e-05   0.0001038553             NA             NA             NA             NA                  NA                  NA   11        20          0.50
7        3.0394555  -1.053719e-04   0.0002178998             NA             NA             NA             NA                  NA                  NA   11        20          2.25
8        0.8394861   1.931553e-01   0.0191127462      -9.109919     0.04347273     0.18685460    0.018335982            9.109919          0.04347273   11        20          2.25
9        4.5394615  -3.946947e-04   0.0002702389             NA             NA             NA             NA                  NA                  NA   11        20          2.25
10       1.2811898   1.209117e-01   0.0033129608             NA             NA             NA             NA                  NA                  NA   11        20          2.25
11       0.0000000             NA             NA             NA             NA             NA             NA                  NA                  NA   11        20          2.25
12       5.3372943  -3.373013e-05   0.0001038553             NA             NA             NA             NA                  NA                  NA   11        20          2.25
