Host: erc-hpc-comp010
MODEL=RS CASE=3 R_LIST=10 VAR_A_LIST=0.5,2.25
LABEL_POLICY=unknown MIS_TYPE=none RHO=0 LAMBDA=0 CIRG_CRITERION=IMSPE
NLOOP=20 SA_MAX=25 EM_MAX=300 K_GRID_POINTS=8 N_CORES=8
============================================================
Method comparison
MODEL=RS cases=3 label_policy=unknown misspec=none rho=0
N=2500 p=50 R=10 Var.a=0.5,2.25
nloop=20 tau=255 lambda=0 CIRG_CRITERION=IMSPE
Budgets: SA_MAX=25 EM_MAX=300 K_GRID_POINTS=8 KMEANS_NUM_INIT=1 KMEANS_MAX_ITERS=25 CPF_LAMBDA_POINTS=6 CPF_MAX_ITER=300 BLM_NSTART=5 N_CORES=8
Methods: LM, KM, OBS, CPF, BLM, CIRG
============================================================

Running case=3 R=10 Var.a=0.5
Saved: results_comparison/RS_case3_R10_vara0.5_varb0.1_lambda0_none.rds 

Running case=3 R=10 Var.a=2.25
Saved: results_comparison/RS_case3_R10_vara2.25_varb0.1_lambda0_none.rds 

Finished. Elapsed minutes: 6.773833 
Saved combined: results_comparison/RS_cases3_R10_vara0.50-2.25_varb0.1_grid_lambda0_none.rds 

   method mis_type rho  n convergence_rate MSPE_mean MSPE_MCSE beta_MSE_mean beta_MSE_MCSE beta_SSE_mean beta_SSE_MCSE intercept_MSE_mean intercept_MSE_MCSE Var_a_hat_mean Var_a_hat_MCSE Var_b_hat_mean Var_b_hat_MCSE
1     BLM     none  NA 20             1.00  11.07130 0.1309479    0.01995149   0.001085875     0.9975744    0.05429375          0.1945384         0.05648520   9.453924e-05   1.785618e-06   0.0001444943   1.222848e-06
2    CIRG     none  NA 20             1.00  10.96047 0.1289157    0.01933848   0.001045414     0.9669242    0.05227072          0.1114720         0.03420938   1.012062e-01   6.698263e-02   0.0058397274   8.358003e-04
3     CPF     none  NA 20             1.00  11.07740 0.1308830    0.01995937   0.001081462     0.9979685    0.05407308          0.1939332         0.05643596   1.977599e-03   6.306979e-04   0.0012356239   8.217587e-05
4      KM     none  NA 20             0.95  10.96201 0.1288998    0.01958896   0.001077998     0.9794479    0.05389990          0.1368981         0.03696633   1.078482e-01   6.728229e-02   0.0052560547   8.117728e-04
5      LM     none  NA 20             1.00  11.07130 0.1309479    0.01995149   0.001085875     0.9975744    0.05429375          0.1945384         0.05648520   0.000000e+00   0.000000e+00             NA             NA
6     OBS     none  NA 20             1.00  11.07643 0.1308183    0.01995024   0.001082836     0.9975120    0.05414182          0.1943200         0.05655410   1.367194e-03   4.810111e-04   0.0014932946   7.377578e-05
7     BLM     none  NA 20             1.00  12.35206 0.2731803    0.02293310   0.001361521     1.1466552    0.06807604          0.6837121         0.23965653   1.051668e-04   2.336973e-06   0.0001609738   3.177818e-06
8    CIRG     none  NA 20             1.00  12.14904 0.2548351    0.02168055   0.001280823     1.0840275    0.06404117          0.3144126         0.11879993   5.399566e-01   3.775230e-01   0.0095054201   1.955952e-03
9     CPF     none  NA 20             1.00  12.35793 0.2729754    0.02293496   0.001357617     1.1467478    0.06788085          0.6831394         0.24048034   2.817713e-03   7.994359e-04   0.0013261259   1.221570e-04
10     KM     none  NA 20             0.95  12.14969 0.2554223    0.02240204   0.001465270     1.1201022    0.07326349          0.3506771         0.11682559   5.441545e-01   3.775778e-01   0.0090457549   2.023334e-03
11     LM     none  NA 20             1.00  12.35206 0.2731803    0.02293310   0.001361521     1.1466552    0.06807604          0.6837121         0.23965653   0.000000e+00   0.000000e+00             NA             NA
12    OBS     none  NA 20             0.95  12.35748 0.2731648    0.02292613   0.001355597     1.1463066    0.06777985          0.6834964         0.23982800   1.565968e-03   5.633995e-04   0.0016573213   9.582215e-05
   Var_e_hat_mean Var_e_hat_MCSE Var_a_MSE_mean Var_a_MSE_MCSE Var_b_MSE_mean Var_b_MSE_MCSE Var_e_MSE_mean Var_e_MSE_MCSE   G_MSE_mean   G_MSE_MCSE selected_K_mean selected_K_MCSE runtime_mean runtime_MCSE
1        10.97377     0.08639088      0.2499055   1.785270e-06    0.009971122   2.442124e-07       4.037572      0.3615048 0.0002877592 4.757341e-09            1.00       0.0000000      0.34040  0.004901342
2        10.85172     0.08734651      0.2442833   2.606482e-02    0.008879430   1.563506e-04       3.573814      0.3528652 0.0002646116 1.021893e-05            2.40       0.2102630     32.67655  2.898734758
3        10.95126     0.08617406      0.2480339   6.252336e-04    0.009754530   1.621336e-05       3.948505      0.3568844 0.0002828760 3.463161e-07            8.05       0.2457534      1.69720  0.125500967
4        10.86911     0.08654220      0.2397942   2.716213e-02    0.008988936   1.527062e-04       3.635862      0.3494318 0.0002649908 1.028877e-05            2.00       0.0000000     33.01510  1.186520769
5        10.97084     0.08636874      0.2500000   0.000000e+00             NA             NA       4.025939      0.3609039           NA           NA            1.00       0.0000000      0.01575  0.001185160
6        10.94734     0.08620505      0.2486391   4.772445e-04    0.009703674   1.451416e-05       3.933339      0.3566368 0.0002821310 2.948072e-07           10.00       0.0000000      2.34630  0.167613702
7        12.22461     0.23617804      5.0620268   1.051589e-05    0.009967831   6.345097e-07      11.457915      1.7026912 0.0021378002 1.477480e-08            1.00       0.0000000      0.36910  0.019570776
8        12.00933     0.22262852      5.6321971   1.211035e+00    0.008261958   3.163510e-04       9.997775      1.5139645 0.0023242195 4.614078e-04            2.45       0.2111996     33.46485  3.953148986
9        12.19933     0.23580243      5.0498404   3.588392e-03    0.009736817   2.403457e-05      11.292170      1.6901739 0.0021286741 1.359927e-06            7.95       0.2348011      1.83755  0.172748014
10       12.03083     0.22317400      5.6186442   1.213180e+00    0.008350458   3.288651e-04      10.132283      1.5261576 0.0023207102 4.621559e-04            2.00       0.0000000     33.18040  1.070450519
11       12.22134     0.23611644      5.0625000   0.000000e+00             NA             NA      11.436319      1.7006670           NA           NA            1.00       0.0000000      0.01630  0.001174510
12       12.19477     0.23592058      5.0554616   2.530161e-03    0.009671457   1.880718e-05      11.264039      1.6886164 0.0021295788 9.676756e-07           10.00       0.0000000      2.52795  0.243666807
   iterations_mean iterations_MCSE group_ARI_mean group_ARI_MCSE objective_mean objective_MCSE I_optimal_mean I_optimal_MCSE IMSPE_selected_mean IMSPE_selected_MCSE case R_setting Var_a_setting
1            27.00        0.000000   0.0000000000   0.0000000000             NA             NA             NA             NA                  NA                  NA    3        10          0.50
2            62.75        7.852547   0.1600052085   0.0096557699      -10.95967      0.0872287      0.1816781     0.03882954            10.95967           0.0872287    3        10          0.50
3           128.45        9.941798  -0.0001115207   0.0002785963             NA             NA             NA             NA                  NA                  NA    3        10          0.50
4            72.90       14.145094   0.1596372163   0.0088840945             NA             NA             NA             NA                  NA                  NA    3        10          0.50
5             1.00        0.000000             NA             NA             NA             NA             NA             NA                  NA                  NA    3        10          0.50
6           143.10        8.812043  -0.0002519361   0.0001109870             NA             NA             NA             NA                  NA                  NA    3        10          0.50
7            27.00        0.000000   0.0000000000   0.0000000000             NA             NA             NA             NA                  NA                  NA    3        10          2.25
8            63.95       10.828198   0.1601075338   0.0096491968      -12.13578      0.2248962      0.4435264     0.20852645            12.13578           0.2248962    3        10          2.25
9           134.05       10.031129  -0.0001426222   0.0002437820             NA             NA             NA             NA                  NA                  NA    3        10          2.25
10           66.20       14.665857   0.1596372163   0.0088840945             NA             NA             NA             NA                  NA                  NA    3        10          2.25
11            1.00        0.000000             NA             NA             NA             NA             NA             NA                  NA                  NA    3        10          2.25
12          146.15        8.796613  -0.0002519361   0.0001109870             NA             NA             NA             NA                  NA                  NA    3        10          2.25
