Host: erc-hpc-comp011
MODEL=RS CASE=12 R_LIST=50 VAR_A_LIST=0.5,2.25
LABEL_POLICY=unknown MIS_TYPE=none RHO=0 LAMBDA=0 CIRG_CRITERION=IMSPE
NLOOP=20 SA_MAX=25 EM_MAX=300 K_GRID_POINTS=8 N_CORES=8
============================================================
Method comparison
MODEL=RS cases=12 label_policy=unknown misspec=none rho=0
N=2500 p=50 R=50 Var.a=0.5,2.25
nloop=20 tau=255 lambda=0 CIRG_CRITERION=IMSPE
Budgets: SA_MAX=25 EM_MAX=300 K_GRID_POINTS=8 KMEANS_NUM_INIT=1 KMEANS_MAX_ITERS=25 CPF_LAMBDA_POINTS=6 CPF_MAX_ITER=300 BLM_NSTART=5 N_CORES=8
Methods: LM, KM, OBS, CPF, BLM, CIRG
============================================================

Running case=12 R=50 Var.a=0.5
Saved: results_comparison/RS_case12_R50_vara0.5_varb0.1_lambda0_none.rds 

Running case=12 R=50 Var.a=2.25
Saved: results_comparison/RS_case12_R50_vara2.25_varb0.1_lambda0_none.rds 

Finished. Elapsed minutes: 8.394817 
Saved combined: results_comparison/RS_cases12_R50_vara0.50-2.25_varb0.1_grid_lambda0_none.rds 

   method mis_type rho  n convergence_rate MSPE_mean  MSPE_MCSE beta_MSE_mean beta_MSE_MCSE beta_SSE_mean beta_SSE_MCSE intercept_MSE_mean intercept_MSE_MCSE Var_a_hat_mean Var_a_hat_MCSE Var_b_hat_mean Var_b_hat_MCSE
1     BLM     none  NA 20                1  13.14630 0.10325527   0.009347475  0.0003853940     0.4673738    0.01926970         0.50528672         0.02361906   6.674414e-05   3.557673e-07   0.0001179633   5.828571e-07
2    CIRG     none  NA 20                1  11.43835 0.06892977   0.004548408  0.0002210126     0.2274204    0.01105063         0.06909418         0.01463308   8.374912e-02   1.376788e-02   0.0501212141   1.272718e-03
3     CPF     none  NA 20                1  13.17059 0.10252754   0.009335090  0.0003847409     0.4667545    0.01923705         0.53232797         0.05100761   1.996903e-01   2.236077e-02   0.0002226413   1.015683e-05
4      KM     none  NA 20                1  11.55069 0.06975195   0.004830153  0.0002350107     0.2415077    0.01175053         0.07942875         0.01294983   1.027287e-01   1.231322e-02   0.0493481601   1.268599e-03
5      LM     none  NA 20                1  13.14630 0.10325527   0.009347475  0.0003853940     0.4673738    0.01926970         0.50528672         0.02361906   0.000000e+00   0.000000e+00             NA             NA
6     OBS     none  NA 20                0  13.15482 0.10384292   0.009352019  0.0003838840     0.4676009    0.01919420         0.50441852         0.02349792   7.798170e-03   2.169194e-03   0.0060585648   2.324778e-04
7     BLM     none  NA 20                1  14.02091 0.11018562   0.020707975  0.0005439517     1.0353987    0.02719758         0.52855090         0.03404038   7.115574e-05   3.895759e-07   0.0001257611   6.484908e-07
8    CIRG     none  NA 20                1  12.26040 0.07466539   0.008897057  0.0003461545     0.4448529    0.01730772         0.07355860         0.01513488   2.537983e-01   2.651126e-02   0.0504301353   1.366705e-03
9     CPF     none  NA 20                1  14.04937 0.10936430   0.020704381  0.0005455066     1.0352191    0.02727533         0.52714556         0.05978427   2.214378e-01   2.261356e-02   0.0002383740   1.046703e-05
10     KM     none  NA 20                1  12.36620 0.07882409   0.009330654  0.0003823111     0.4665327    0.01911556         0.08332567         0.01433255   2.821728e-01   2.297202e-02   0.0500504179   1.342783e-03
11     LM     none  NA 20                1  14.02091 0.11018562   0.020707975  0.0005439517     1.0353987    0.02719758         0.52855090         0.03404038   0.000000e+00   0.000000e+00             NA             NA
12    OBS     none  NA 20                0  14.03109 0.11056104   0.020710342  0.0005423668     1.0355171    0.02711834         0.52765893         0.03391232   9.994335e-03   2.653730e-03   0.0064014342   2.475334e-04
   Var_e_hat_mean Var_e_hat_MCSE Var_a_MSE_mean Var_a_MSE_MCSE Var_b_MSE_mean Var_b_MSE_MCSE Var_e_MSE_mean Var_e_MSE_MCSE   G_MSE_mean   G_MSE_MCSE selected_K_mean selected_K_MCSE runtime_mean runtime_MCSE
1        12.97639     0.06947603     0.24993326   3.557196e-07    0.009976421   1.164338e-07      15.903388      0.5597147 0.0002878717 2.374027e-09            1.00       0.0000000      0.34650 0.0021938910
2        11.31917     0.04034061     0.17686633   1.113596e-02    0.002518670   1.248105e-04       5.409462      0.1883324 0.0001164167 5.216434e-06            2.35       0.1666228     23.34060 4.4349826543
3        12.94804     0.06854727     0.09968597   1.175291e-02    0.009955523   2.025963e-06      15.676271      0.5481423 0.0002297048 4.515531e-06            4.25       0.2603136      1.47775 0.0841530209
4        11.36896     0.04151536     0.16070518   9.478983e-03    0.002596186   1.254574e-04       5.644737      0.1976307 0.0001116934 5.001729e-06            2.00       0.0000000     60.19190 5.0238814827
5        12.97296     0.06945744     0.25000000   0.000000e+00             NA             NA      15.876092      0.5590871           NA           NA            1.00       0.0000000      0.00895 0.0001141329
6        12.80862     0.06794441     0.24235204   2.095097e-03    0.008826020   4.353120e-05      14.593279      0.5251246 0.0002628424 1.410546e-06           50.00       0.0000000      7.48165 0.0218431339
7        13.83409     0.07604297     5.06217980   1.753036e-06    0.009974864   1.295352e-07      23.478292      0.7425517 0.0021379942 3.159805e-09            1.00       0.0000000      0.34565 0.0019738754
8        12.11932     0.04552643     3.99817528   1.055427e-01    0.002492661   1.323188e-04       9.769509      0.2834636 0.0015850859 4.154616e-05            2.35       0.1666228     16.06475 1.5788126583
9        13.80257     0.07491729     4.12478057   8.984557e-02    0.009952384   2.087926e-06      23.171339      0.7258282 0.0017771625 3.453512e-05            4.65       0.3574397      1.59585 0.1116553031
10       12.16477     0.04540275     3.88237049   8.972764e-02    0.002529219   1.307365e-04      10.054933      0.2861630 0.0015412654 3.588426e-05            2.00       0.0000000     59.55155 4.8675678188
11       13.83044     0.07602270     5.06250000   0.000000e+00             NA             NA      23.442918      0.7417963           NA           NA            1.00       0.0000000      0.00910 0.0003153945
12       13.65537     0.07490171     5.01775918   1.183625e-02    0.008761856   4.617661e-05      21.779053      0.7050786 0.0020975978 5.063900e-06           50.00       0.0000000      7.42605 0.0250989070
   iterations_mean iterations_MCSE group_ARI_mean group_ARI_MCSE objective_mean objective_MCSE I_optimal_mean I_optimal_MCSE IMSPE_selected_mean IMSPE_selected_MCSE case R_setting Var_a_setting
1            26.00       0.0000000   0.000000e+00   0.000000e+00             NA             NA             NA             NA                  NA                  NA   12        50          0.50
2            18.20       5.8913853   2.676269e-02   1.371446e-03      -11.48780     0.04169647      0.7713782     0.03795432            11.48780          0.04169647   12        50          0.50
3            97.60       6.4053432   3.596771e-05   6.931602e-05             NA             NA             NA             NA                  NA                  NA   12        50          0.50
4             8.20       0.4013136   2.523336e-02   7.755163e-04             NA             NA             NA             NA                  NA                  NA   12        50          0.50
5             1.00       0.0000000             NA             NA             NA             NA             NA             NA                  NA                  NA   12        50          0.50
6           300.00       0.0000000  -1.043958e-04   1.635189e-04             NA             NA             NA             NA                  NA                  NA   12        50          0.50
7            26.00       0.0000000   0.000000e+00   0.000000e+00             NA             NA             NA             NA                  NA                  NA   12        50          2.25
8             8.15       0.9522135   2.676269e-02   1.371446e-03      -12.29953     0.04676284      0.8624396     0.04664201            12.29953          0.04676284   12        50          2.25
9           106.10       8.2843861   8.395959e-05   8.184576e-05             NA             NA             NA             NA                  NA                  NA   12        50          2.25
10            6.80       0.1555973   2.523336e-02   7.755163e-04             NA             NA             NA             NA                  NA                  NA   12        50          2.25
11            1.00       0.0000000             NA             NA             NA             NA             NA             NA                  NA                  NA   12        50          2.25
12          300.00       0.0000000  -1.043958e-04   1.635189e-04             NA             NA             NA             NA                  NA                  NA   12        50          2.25
