Host: erc-hpc-comp186
MODEL=RS CASE=9 R_LIST=10 VAR_A_LIST=0.5,2.25
LABEL_POLICY=unknown MIS_TYPE=none RHO=0 LAMBDA=0 CIRG_CRITERION=IMSPE
NLOOP=20 SA_MAX=25 EM_MAX=300 K_GRID_POINTS=8 N_CORES=8
============================================================
Method comparison
MODEL=RS cases=9 label_policy=unknown misspec=none rho=0
N=2500 p=50 R=10 Var.a=0.5,2.25
nloop=20 tau=255 lambda=0 CIRG_CRITERION=IMSPE
Budgets: SA_MAX=25 EM_MAX=300 K_GRID_POINTS=8 KMEANS_NUM_INIT=1 KMEANS_MAX_ITERS=25 CPF_LAMBDA_POINTS=6 CPF_MAX_ITER=300 BLM_NSTART=5 N_CORES=8
Methods: LM, KM, OBS, CPF, BLM, CIRG
============================================================

Running case=9 R=10 Var.a=0.5
Saved: results_comparison/RS_case9_R10_vara0.5_varb0.1_lambda0_none.rds 

Running case=9 R=10 Var.a=2.25
Saved: results_comparison/RS_case9_R10_vara2.25_varb0.1_lambda0_none.rds 

Finished. Elapsed minutes: 9.99965 
Saved combined: results_comparison/RS_cases9_R10_vara0.50-2.25_varb0.1_grid_lambda0_none.rds 

   method mis_type rho  n convergence_rate MSPE_mean MSPE_MCSE beta_MSE_mean beta_MSE_MCSE beta_SSE_mean beta_SSE_MCSE intercept_MSE_mean intercept_MSE_MCSE Var_a_hat_mean Var_a_hat_MCSE Var_b_hat_mean Var_b_hat_MCSE
1     BLM     none  NA 20                1  18.07879 0.3083152    0.01574669  0.0008400414     0.7873347    0.04200207         0.06170670         0.01844507   6.991883e-05   3.056328e-07   6.990699e-05   3.109595e-07
2    CIRG     none  NA 20                1  18.07793 0.3085150    0.01573394  0.0008351502     0.7866968    0.04175751         0.06176514         0.01842030   5.191889e-04   3.217638e-04   2.240113e-04   8.404723e-06
3     CPF     none  NA 20                1  18.08853 0.3086678    0.01575158  0.0008414002     0.7875790    0.04207001         0.06183392         0.01864500   7.093987e-03   1.882384e-03   6.774155e-04   3.150029e-05
4      KM     none  NA 20                1  18.07735 0.3082622    0.01573318  0.0008353529     0.7866588    0.04176765         0.06176736         0.01841962   5.078975e-04   3.220769e-04   2.274935e-04   8.617559e-06
5      LM     none  NA 20                1  18.07879 0.3083152    0.01574669  0.0008400414     0.7873347    0.04200207         0.06170670         0.01844507   0.000000e+00   0.000000e+00             NA             NA
6     OBS     none  NA 20                1  18.08771 0.3085427    0.01575085  0.0008401065     0.7875425    0.04200533         0.06165462         0.01843517   5.298802e-03   1.501245e-03   8.076522e-04   3.581696e-05
7     BLM     none  NA 20                1  19.54433 0.3841041    0.01597972  0.0008628347     0.7989859    0.04314173         0.25732396         0.07946804   7.722490e-05   1.040970e-06   7.721279e-05   1.045865e-06
8    CIRG     none  NA 20                1  19.54333 0.3842763    0.01595944  0.0008550655     0.7979718    0.04275327         0.25734867         0.07936954   9.966533e-04   7.775879e-04   2.392055e-04   9.168268e-06
9     CPF     none  NA 20                1  19.55858 0.3846080    0.01599163  0.0008600428     0.7995816    0.04300214         0.25844619         0.07955303   9.023630e-03   2.564936e-03   7.403657e-04   4.511758e-05
10     KM     none  NA 20                1  19.54287 0.3839147    0.01595891  0.0008552258     0.7979456    0.04276129         0.25735457         0.07936778   9.796478e-04   7.782675e-04   2.433233e-04   9.124126e-06
11     LM     none  NA 20                1  19.54433 0.3841041    0.01597972  0.0008628347     0.7989859    0.04314173         0.25732396         0.07946804   0.000000e+00   0.000000e+00             NA             NA
12    OBS     none  NA 20                1  19.55526 0.3847686    0.01598370  0.0008633276     0.7991849    0.04316638         0.25721904         0.07945063   6.467098e-03   1.995943e-03   8.809516e-04   3.987400e-05
   Var_e_hat_mean Var_e_hat_MCSE Var_a_MSE_mean Var_a_MSE_MCSE Var_b_MSE_mean Var_b_MSE_MCSE Var_e_MSE_mean Var_e_MSE_MCSE   G_MSE_mean   G_MSE_MCSE selected_K_mean selected_K_MCSE runtime_mean runtime_MCSE
1        13.61085     0.05952300      0.2499301   3.055900e-07    0.009986023   6.214836e-08       21.32722      0.5518939 0.0002880551 1.311304e-09            1.00      0.00000000      0.35670 0.0062336523
2        13.60648     0.05921308      0.2494830   3.195730e-04    0.009955249   1.677122e-06       21.28623      0.5485310 0.0002872916 1.103816e-07            2.10      0.06882472     28.58960 2.6812247186
3        13.57803     0.05914464      0.2430237   1.840448e-03    0.009864995   6.248320e-06       21.02478      0.5440367 0.0002830732 7.314632e-07            8.30      0.19330913      1.57935 0.0600317580
4        13.60690     0.05928444      0.2494943   3.198841e-04    0.009954554   1.719592e-06       21.29034      0.5492020 0.0002872826 1.099395e-07            2.00      0.00000000     65.10275 4.3893360221
5        13.60728     0.05950741      0.2500000   0.000000e+00             NA             NA       21.29434      0.5513246           NA           NA            1.00      0.00000000      0.01650 0.0002665570
6        13.57219     0.05947008      0.2447721   1.474790e-03    0.009839146   7.093990e-06       20.97216      0.5463915 0.0002832485 6.255683e-07           10.00      0.00000000      1.85740 0.0623863767
7        15.03309     0.20265162      5.0621525   4.684199e-06    0.009984563   2.090065e-07       37.17849      2.6548184 0.0021381702 5.817602e-09            1.00      0.00000000      0.36775 0.0066288345
8        15.02797     0.20211871      5.0580275   3.486725e-03    0.009952218   1.828760e-06       37.11259      2.6439253 0.0021359625 1.350583e-06            2.10      0.06882472     31.09020 3.0033199731
9        14.99559     0.20196890      5.0221001   1.145484e-02    0.009852514   8.946220e-06       36.72209      2.6336132 0.0021202329 4.419160e-06            8.05      0.22331238      1.75655 0.0780501686
10       15.02837     0.20212932      5.0581041   3.489779e-03    0.009951396   1.819960e-06       37.11748      2.6439938 0.0021359761 1.351000e-06            2.00      0.00000000     72.99140 5.5319238461
11       15.02916     0.20259856      5.0625000   0.000000e+00             NA             NA       37.13061      2.6524773           NA           NA            1.00      0.00000000      0.02700 0.0002714484
12       14.99036     0.20133191      5.0335156   8.931398e-03    0.009824616   7.893063e-06       36.65456      2.6216575 0.0021240855 3.463053e-06           10.00      0.00000000      2.22365 0.1201189602
   iterations_mean iterations_MCSE group_ARI_mean group_ARI_MCSE objective_mean objective_MCSE I_optimal_mean I_optimal_MCSE IMSPE_selected_mean IMSPE_selected_MCSE case R_setting Var_a_setting
1            26.00        0.000000   0.000000e+00   0.000000e+00             NA             NA             NA             NA                  NA                  NA    9        10          0.50
2            37.60        3.583882  -1.330892e-05   1.450152e-04      -13.80162      0.0601741      0.1959491    0.001027369            13.80162           0.0601741    9        10          0.50
3           112.40        4.350076  -1.583304e-04   2.128472e-04             NA             NA             NA             NA                  NA                  NA    9        10          0.50
4            32.85        2.099217  -2.440747e-05   6.737236e-05             NA             NA             NA             NA                  NA                  NA    9        10          0.50
5             1.00        0.000000             NA             NA             NA             NA             NA             NA                  NA                  NA    9        10          0.50
6           136.55        4.653507  -2.519361e-04   1.109870e-04             NA             NA             NA             NA                  NA                  NA    9        10          0.50
7            26.00        0.000000   0.000000e+00   0.000000e+00             NA             NA             NA             NA                  NA                  NA    9        10          2.25
8            38.60        3.340659  -1.330892e-05   1.450152e-04      -15.24317      0.2051702      0.2163016    0.003375419            15.24317           0.2051702    9        10          2.25
9           115.30        4.881275  -4.983552e-04   2.276184e-04             NA             NA             NA             NA                  NA                  NA    9        10          2.25
10           33.80        1.548514  -2.440747e-05   6.737236e-05             NA             NA             NA             NA                  NA                  NA    9        10          2.25
11            1.00        0.000000             NA             NA             NA             NA             NA             NA                  NA                  NA    9        10          2.25
12          136.45        4.624008  -2.519361e-04   1.109870e-04             NA             NA             NA             NA                  NA                  NA    9        10          2.25
