Host: erc-hpc-comp014
MODEL=RS CASE=9 R_LIST=50 VAR_A_LIST=0.5,2.25
LABEL_POLICY=unknown MIS_TYPE=none RHO=0 LAMBDA=0 CIRG_CRITERION=IMSPE
NLOOP=20 SA_MAX=25 EM_MAX=300 K_GRID_POINTS=8 N_CORES=8
============================================================
Method comparison
MODEL=RS cases=9 label_policy=unknown misspec=none rho=0
N=2500 p=50 R=50 Var.a=0.5,2.25
nloop=20 tau=255 lambda=0 CIRG_CRITERION=IMSPE
Budgets: SA_MAX=25 EM_MAX=300 K_GRID_POINTS=8 KMEANS_NUM_INIT=1 KMEANS_MAX_ITERS=25 CPF_LAMBDA_POINTS=6 CPF_MAX_ITER=300 BLM_NSTART=5 N_CORES=8
Methods: LM, KM, OBS, CPF, BLM, CIRG
============================================================

Running case=9 R=50 Var.a=0.5
Saved: results_comparison/RS_case9_R50_vara0.5_varb0.1_lambda0_none.rds 

Running case=9 R=50 Var.a=2.25
Saved: results_comparison/RS_case9_R50_vara2.25_varb0.1_lambda0_none.rds 

Finished. Elapsed minutes: 10.04775 
Saved combined: results_comparison/RS_cases9_R50_vara0.50-2.25_varb0.1_grid_lambda0_none.rds 

   method mis_type rho  n convergence_rate MSPE_mean MSPE_MCSE beta_MSE_mean beta_MSE_MCSE beta_SSE_mean beta_SSE_MCSE intercept_MSE_mean intercept_MSE_MCSE Var_a_hat_mean Var_a_hat_MCSE Var_b_hat_mean Var_b_hat_MCSE
1     BLM     none  NA 20                1  19.23226 0.1611696   0.004879374  0.0001908361     0.2439687   0.009541804         0.01853752        0.007087297   7.265533e-05   4.030012e-07   7.264627e-05   3.949817e-07
2    CIRG     none  NA 20                1  19.23159 0.1607180   0.004880105  0.0001909568     0.2440052   0.009547842         0.01841339        0.007115447   5.784611e-04   3.870027e-04   2.235173e-04   7.398086e-06
3     CPF     none  NA 20                1  19.25221 0.1613812   0.004872988  0.0001881044     0.2436494   0.009405219         0.08326100        0.031443800   1.801194e-01   1.528012e-02   1.502469e-04   6.132605e-06
4      KM     none  NA 20                1  19.23286 0.1607812   0.004880105  0.0001909568     0.2440052   0.009547842         0.01841339        0.007115447   5.784611e-04   3.870027e-04   2.235173e-04   7.398086e-06
5      LM     none  NA 20                1  19.23226 0.1611696   0.004879374  0.0001908361     0.2439687   0.009541804         0.01853752        0.007087297   0.000000e+00   0.000000e+00             NA             NA
6     OBS     none  NA 20                0  19.24603 0.1611960   0.004884864  0.0001918012     0.2442432   0.009590062         0.01845898        0.007063986   8.366876e-03   2.703443e-03   3.791686e-03   1.540812e-04
7     BLM     none  NA 20                1  20.77724 0.2097630   0.005049464  0.0001902056     0.2524732   0.009510278         0.07473927        0.027717240   8.063980e-05   6.844775e-07   8.062907e-05   6.746092e-07
8    CIRG     none  NA 20                1  20.77680 0.2093594   0.005053087  0.0001894609     0.2526544   0.009473046         0.07419284        0.027775483   1.217832e-03   1.013443e-03   2.407077e-04   6.495488e-06
9     CPF     none  NA 20                1  20.81251 0.2125838   0.005044907  0.0001881014     0.2522453   0.009405070         0.17414264        0.064865389   2.059753e-01   2.036125e-02   1.821689e-04   1.290179e-05
10     KM     none  NA 20                1  20.77808 0.2094953   0.005053087  0.0001894609     0.2526544   0.009473046         0.07419284        0.027775483   1.217832e-03   1.013443e-03   2.407077e-04   6.495488e-06
11     LM     none  NA 20                1  20.77724 0.2097630   0.005049464  0.0001902056     0.2524732   0.009510278         0.07473927        0.027717240   0.000000e+00   0.000000e+00             NA             NA
12    OBS     none  NA 20                0  20.79079 0.2092259   0.005053464  0.0001909458     0.2526732   0.009547290         0.07458353        0.027677880   1.004323e-02   3.164420e-03   4.145987e-03   1.717869e-04
   Var_e_hat_mean Var_e_hat_MCSE Var_a_MSE_mean Var_a_MSE_MCSE Var_b_MSE_mean Var_b_MSE_MCSE Var_e_MSE_mean Var_e_MSE_MCSE   G_MSE_mean   G_MSE_MCSE selected_K_mean selected_K_MCSE runtime_mean runtime_MCSE
1        14.14315     0.07851287      0.2499273   4.029420e-07    0.009985476   7.893831e-08       26.56915      0.8329016 0.0002880435 1.672044e-09            1.00       0.0000000      0.31725 0.0011807112
2        14.14000     0.07842963      0.2494247   3.838625e-04    0.009955348   1.476397e-06       26.53652      0.8310680 0.0002872711 1.410985e-07            2.00       0.0000000     29.14925 5.0912384415
3        14.11584     0.07915909      0.1067598   8.457175e-03    0.009969974   1.224510e-06       26.29092      0.8359397 0.0002327022 3.241417e-06            4.35       0.3574397      1.28270 0.0830270121
4        14.14000     0.07842963      0.2494247   3.838625e-04    0.009955348   1.476397e-06       26.53652      0.8310680 0.0002872711 1.410985e-07            2.00       0.0000000     64.05205 5.3260800978
5        14.13945     0.07849232      0.2500000   0.000000e+00             NA             NA       26.53102      0.8320961           NA           NA            1.00       0.0000000      0.00845 0.0001141329
6        13.96067     0.08184163      0.2418420   2.580691e-03    0.009256491   2.964149e-05       24.73550      0.8434138 0.0002709214 1.184806e-06           50.00       0.0000000      7.14685 0.1482753355
7        15.69741     0.13321708      5.0621371   3.080036e-06    0.009983881   1.348109e-07       45.19248      1.8679450 0.0021381512 3.774883e-09            1.00       0.0000000      0.33255 0.0055783770
8        15.69351     0.13289296      5.0570408   4.539540e-03    0.009951917   1.296034e-06       45.13863      1.8608138 0.0021355773 1.744181e-06            2.00       0.0000000     30.12085 5.0755124000
9        15.65994     0.13305440      4.1859138   7.935756e-02    0.009963603   2.574192e-06       44.69118      1.8589123 0.0018008819 3.048892e-05            4.60       0.3509386      1.37920 0.0942310319
10       15.69351     0.13289296      5.0570408   4.539540e-03    0.009951917   1.296034e-06       45.13863      1.8608138 0.0021355773 1.744181e-06            2.00       0.0000000     64.41015 5.3934596539
11       15.69330     0.13318221      5.0625000   0.000000e+00             NA             NA       45.13727      1.8663408           NA           NA            1.00       0.0000000      0.00960 0.0007196490
12       15.49748     0.13690840      5.0175966   1.406929e-02    0.009188553   3.286465e-05       42.57339      1.8753558 0.0021057379 5.601819e-06           50.00       0.0000000      7.87525 0.4507764580
   iterations_mean iterations_MCSE group_ARI_mean group_ARI_MCSE objective_mean objective_MCSE I_optimal_mean I_optimal_MCSE IMSPE_selected_mean IMSPE_selected_MCSE case R_setting Var_a_setting
1            26.00        0.000000   0.000000e+00   0.000000e+00             NA             NA             NA             NA                  NA                  NA    9        50          0.50
2            32.30        1.859683  -5.047676e-05   4.653046e-05      -14.34252     0.07960593      0.2039294    0.001481880            14.34252          0.07960593    9        50          0.50
3            89.35        6.597557   2.247298e-05   7.256407e-05             NA             NA             NA             NA                  NA                  NA    9        50          0.50
4            32.30        1.859683  -3.963005e-05   3.813492e-05             NA             NA             NA             NA                  NA                  NA    9        50          0.50
5             1.00        0.000000             NA             NA             NA             NA             NA             NA                  NA                  NA    9        50          0.50
6           300.00        0.000000  -1.043958e-04   1.635189e-04             NA             NA             NA             NA                  NA                  NA    9        50          0.50
7            26.00        0.000000   0.000000e+00   0.000000e+00             NA             NA             NA             NA                  NA                  NA    9        50          2.25
8            33.05        1.426211  -5.047676e-05   4.653046e-05      -15.91799     0.13495005      0.2263083    0.002601317            15.91799          0.13495005    9        50          2.25
9            93.60        7.258171  -5.389851e-06   8.081275e-05             NA             NA             NA             NA                  NA                  NA    9        50          2.25
10           33.05        1.426211  -3.963005e-05   3.813492e-05             NA             NA             NA             NA                  NA                  NA    9        50          2.25
11            1.00        0.000000             NA             NA             NA             NA             NA             NA                  NA                  NA    9        50          2.25
12          300.00        0.000000  -1.043958e-04   1.635189e-04             NA             NA             NA             NA                  NA                  NA    9        50          2.25
