Host: erc-hpc-comp005
MODEL=RI CASE=3 R_LIST=10 VAR_A_LIST=0.5,2.25
LABEL_POLICY=unknown MIS_TYPE=none RHO=0 LAMBDA=0 CIRG_CRITERION=IMSPE
NLOOP=20 SA_MAX=25 EM_MAX=300 K_GRID_POINTS=8 N_CORES=8
============================================================
Method comparison
MODEL=RI cases=3 label_policy=unknown misspec=none rho=0
N=2500 p=50 R=10 Var.a=0.5,2.25
nloop=20 tau=255 lambda=0 CIRG_CRITERION=IMSPE
Budgets: SA_MAX=25 EM_MAX=300 K_GRID_POINTS=8 KMEANS_NUM_INIT=1 KMEANS_MAX_ITERS=25 CPF_LAMBDA_POINTS=6 CPF_MAX_ITER=300 BLM_NSTART=5 N_CORES=8
Methods: LM, KM, OBS, CPF, BLM, CIRG
============================================================

Running case=3 R=10 Var.a=0.5
Saved: results_comparison/RI_case3_R10_vara0.5_lambda0_none.rds 

Running case=3 R=10 Var.a=2.25
Saved: results_comparison/RI_case3_R10_vara2.25_lambda0_none.rds 

Finished. Elapsed minutes: 5.36725 
Saved combined: results_comparison/RI_cases3_R10_vara0.50-2.25_grid_lambda0_none.rds 

   method mis_type rho  n convergence_rate MSPE_mean  MSPE_MCSE beta_MSE_mean beta_MSE_MCSE beta_SSE_mean beta_SSE_MCSE intercept_MSE_mean intercept_MSE_MCSE Var_a_hat_mean Var_a_hat_MCSE Var_b_hat_mean Var_b_hat_MCSE
1     BLM     none  NA 20                1  9.353193 0.07857771   0.004218435  0.0001876382     0.2109218   0.009381911         0.14767470         0.04952810    0.004174769   0.0012371046             NA             NA
2    CIRG     none  NA 20                1  9.343460 0.07815498   0.004201755  0.0002195963     0.2100877   0.010979813         0.09636962         0.02657299    0.017262152   0.0050662506             NA             NA
3     CPF     none  NA 20                1  9.352223 0.07860946   0.004219241  0.0001875488     0.2109621   0.009377439         0.14768945         0.04837649    0.003004987   0.0009853190             NA             NA
4      KM     none  NA 20                1  9.348699 0.07861003   0.004259770  0.0002714791     0.2129885   0.013573954         0.10040326         0.02788856    0.013503478   0.0046550815             NA             NA
5      LM     none  NA 20                1  9.351019 0.07863136   0.004220669  0.0001879762     0.2110334   0.009398810         0.14708707         0.04788260    0.000000000   0.0000000000             NA             NA
6     OBS     none  NA 20                1  9.351598 0.07863136   0.004219581  0.0001876851     0.2109790   0.009384255         0.14735282         0.04792112    0.002041166   0.0006349643             NA             NA
7     BLM     none  NA 20                1 10.618067 0.19637507   0.007145245  0.0006937500     0.3572622   0.034687502         0.64660275         0.22176152    0.004263696   0.0012191392             NA             NA
8    CIRG     none  NA 20                1 10.573148 0.19200772   0.007103232  0.0009066264     0.3551616   0.045331319         0.38289082         0.12202532    0.090471431   0.0193474149             NA             NA
9     CPF     none  NA 20                1 10.617013 0.19639147   0.007145931  0.0006937816     0.3572965   0.034689082         0.64489793         0.21991696    0.003073745   0.0009294640             NA             NA
10     KM     none  NA 20                1 10.595633 0.19590490   0.007478431  0.0011588134     0.3739216   0.057940668         0.41745486         0.12739619    0.077368828   0.0209410481             NA             NA
11     LM     none  NA 20                1 10.615512 0.19638735   0.007147414  0.0006938619     0.3573707   0.034693094         0.64402573         0.21896157    0.000000000   0.0000000000             NA             NA
12    OBS     none  NA 20                1 10.616193 0.19640646   0.007146419  0.0006937873     0.3573209   0.034689363         0.64454289         0.21911995    0.002086119   0.0006165625             NA             NA
   Var_e_hat_mean Var_e_hat_MCSE Var_a_MSE_mean Var_a_MSE_MCSE Var_b_MSE_mean Var_b_MSE_MCSE Var_e_MSE_mean Var_e_MSE_MCSE G_MSE_mean G_MSE_MCSE selected_K_mean selected_K_MCSE runtime_mean runtime_MCSE iterations_mean
1        9.266184     0.04071883      0.2458717   0.0012170621             NA             NA     0.10235645     0.02478523         NA         NA            6.00       0.0000000      0.31260  0.025188698           37.70
2        9.259616     0.03908469      0.2335235   0.0047174314             NA             NA     0.09642512     0.02189911         NA         NA            2.75       0.2603136     15.47405  0.780222419           26.05
3        9.267235     0.04072151      0.2470225   0.0009715140             NA             NA     0.10292119     0.02482707         NA         NA            7.45       0.2348011      0.41760  0.023431243           44.75
4        9.265125     0.04019863      0.2370906   0.0043957734             NA             NA     0.10099391     0.02390695         NA         NA            2.00       0.0000000     33.88790  1.547936902           27.75
5        9.269616     0.04069137      0.2500000   0.0000000000             NA             NA     0.10415278     0.02485269         NA         NA            1.00       0.0000000      0.01615  0.001460488            1.00
6        9.267908     0.04071854      0.2479707   0.0006288254             NA             NA     0.10327679     0.02484398         NA         NA           10.00       0.0000000      0.53310  0.055026066           49.65
7       10.509843     0.16520968      5.0433598   0.0054688199             NA             NA     2.79821755     0.63623590         NA         NA            6.00       0.0000000      0.46680  0.061312599           40.15
8       10.468949     0.15871115      4.6706758   0.0813064244             NA             NA     2.63640691     0.57374601         NA         NA            2.90       0.3316625     19.29025  2.313406438           16.40
9       10.510744     0.16524189      5.0486940   0.0041718027             NA             NA     2.80113971     0.63648600         NA         NA            7.50       0.2115109      0.53760  0.058265969           45.95
10      10.489734     0.16258337      4.7286582   0.0885473121             NA             NA     2.72154195     0.60952465         NA         NA            2.00       0.0000000     40.74415  2.556340261           19.55
11      10.513464     0.16526995      5.0625000   0.0000000000             NA             NA     2.80954263     0.63702868         NA         NA            1.00       0.0000000      0.03160  0.004367584            1.00
12      10.511742     0.16522176      5.0531240   0.0027691998             NA             NA     2.80402935     0.63654627         NA         NA           10.00       0.0000000      0.98560  0.091592358           52.35
   iterations_MCSE group_ARI_mean group_ARI_MCSE objective_mean objective_MCSE I_optimal_mean I_optimal_MCSE IMSPE_selected_mean IMSPE_selected_MCSE case R_setting Var_a_setting
1         3.100170  -1.966134e-04   0.0002774266             NA             NA             NA             NA                  NA                  NA    3        10          0.50
2         5.758049   1.503343e-01   0.0076856379      -9.324289     0.03944565     0.07118209    0.002174842            9.324289          0.03944565    3        10          0.50
3         2.765269  -2.357987e-04   0.0002921139             NA             NA             NA             NA                  NA                  NA    3        10          0.50
4         5.390476   1.596372e-01   0.0088840945             NA             NA             NA             NA                  NA                  NA    3        10          0.50
5         0.000000             NA             NA             NA             NA             NA             NA                  NA                  NA    3        10          0.50
6         2.728287  -2.519361e-04   0.0001109870             NA             NA             NA             NA                  NA                  NA    3        10          0.50
7         3.579382   1.225496e-04   0.0002581706             NA             NA             NA             NA                  NA                  NA    3        10          2.25
8         4.010775   1.480550e-01   0.0067670519     -10.543003     0.15993957     0.10753019    0.007661502           10.543003          0.15993957    3        10          2.25
9         3.494714  -4.053745e-05   0.0003373617             NA             NA             NA             NA                  NA                  NA    3        10          2.25
10        4.314892   1.596372e-01   0.0088840945             NA             NA             NA             NA                  NA                  NA    3        10          2.25
11        0.000000             NA             NA             NA             NA             NA             NA                  NA                  NA    3        10          2.25
12        2.783669  -2.519361e-04   0.0001109870             NA             NA             NA             NA                  NA                  NA    3        10          2.25
