Host: erc-hpc-comp015
MODEL=RI CASE=13 R_LIST=50 VAR_A_LIST=0.5,2.25
LABEL_POLICY=unknown MIS_TYPE=none RHO=0 LAMBDA=0 CIRG_CRITERION=IMSPE
NLOOP=20 SA_MAX=25 EM_MAX=300 K_GRID_POINTS=8 N_CORES=8
============================================================
Method comparison
MODEL=RI cases=13 label_policy=unknown misspec=none rho=0
N=2500 p=50 R=50 Var.a=0.5,2.25
nloop=20 tau=255 lambda=0 CIRG_CRITERION=IMSPE
Budgets: SA_MAX=25 EM_MAX=300 K_GRID_POINTS=8 KMEANS_NUM_INIT=1 KMEANS_MAX_ITERS=25 CPF_LAMBDA_POINTS=6 CPF_MAX_ITER=300 BLM_NSTART=5 N_CORES=8
Methods: LM, KM, OBS, CPF, BLM, CIRG
============================================================

Running case=13 R=50 Var.a=0.5
Saved: results_comparison/RI_case13_R50_vara0.5_lambda0_none.rds 

Running case=13 R=50 Var.a=2.25
Saved: results_comparison/RI_case13_R50_vara2.25_lambda0_none.rds 

Finished. Elapsed minutes: 8.515517 
Saved combined: results_comparison/RI_cases13_R50_vara0.50-2.25_grid_lambda0_none.rds 

   method mis_type rho  n convergence_rate MSPE_mean  MSPE_MCSE beta_MSE_mean beta_MSE_MCSE beta_SSE_mean beta_SSE_MCSE intercept_MSE_mean intercept_MSE_MCSE Var_a_hat_mean Var_a_hat_MCSE Var_b_hat_mean Var_b_hat_MCSE
1     BLM     none  NA 20                1  9.441757 0.05294785   0.006420101  0.0002294991     0.3210050    0.01147496        0.004992103       0.0012676774    0.064684598   0.0061575085             NA             NA
2    CIRG     none  NA 20                1  9.407056 0.05308579   0.006333596  0.0002367601     0.3166798    0.01183801        0.002848378       0.0007541584    0.002445884   0.0010537136             NA             NA
3     CPF     none  NA 20                1  9.429674 0.05257933   0.006409300  0.0002302770     0.3204650    0.01151385        0.029005358       0.0101033789    0.116302106   0.0119302549             NA             NA
4      KM     none  NA 20                1  9.408095 0.05314315   0.006405956  0.0002282601     0.3202978    0.01141301        0.002787688       0.0007391446    0.000773029   0.0006120196             NA             NA
5      LM     none  NA 20                1  9.407775 0.05314055   0.006410638  0.0002292501     0.3205319    0.01146251        0.002786021       0.0007391976    0.000000000   0.0000000000             NA             NA
6     OBS     none  NA 20                1  9.408609 0.05307592   0.006410180  0.0002291693     0.3205090    0.01145846        0.002787659       0.0007404163    0.005871578   0.0012685941             NA             NA
7     BLM     none  NA 20                1 10.661108 0.06275173   0.019399742  0.0004114371     0.9699871    0.02057186        0.011147333       0.0028855634    0.069780558   0.0061136495             NA             NA
8    CIRG     none  NA 20                1 10.618666 0.06207580   0.018638818  0.0005086432     0.9319409    0.02543216        0.007828534       0.0023716471    0.013459295   0.0046763544             NA             NA
9     CPF     none  NA 20                1 10.644770 0.06334211   0.019380017  0.0004143995     0.9690008    0.02071997        0.052227480       0.0166027995    0.120097210   0.0139648467             NA             NA
10     KM     none  NA 20                1 10.626015 0.06280243   0.019325806  0.0004094236     0.9662903    0.02047118        0.007777583       0.0023749877    0.001899854   0.0012826095             NA             NA
11     LM     none  NA 20                1 10.625837 0.06270327   0.019365575  0.0004105284     0.9682787    0.02052642        0.007753217       0.0023744426    0.000000000   0.0000000000             NA             NA
12    OBS     none  NA 20                1 10.627013 0.06269295   0.019366211  0.0004107767     0.9683106    0.02053884        0.007755537       0.0023772018    0.006513438   0.0015063554             NA             NA
   Var_e_hat_mean Var_e_hat_MCSE Var_a_MSE_mean Var_a_MSE_MCSE Var_b_MSE_mean Var_b_MSE_MCSE Var_e_MSE_mean Var_e_MSE_MCSE G_MSE_mean G_MSE_MCSE selected_K_mean selected_K_MCSE runtime_mean runtime_MCSE iterations_mean
1        9.233343     0.03131804      0.1902199   0.0050989145             NA             NA     0.07308461     0.01252902         NA         NA            9.75      0.09933993      0.13110 0.0149250584           11.45
2        9.279123     0.03264493      0.2475812   0.0010383119             NA             NA     0.09815804     0.01597534         NA         NA            3.15      0.50406244     20.76230 3.4967300485           24.05
3        9.258417     0.03112425      0.1499284   0.0084116902             NA             NA     0.08518483     0.01411751         NA         NA            4.75      0.25000000      0.48205 0.0714614535           16.80
4        9.280597     0.03257804      0.2492347   0.0006043314             NA             NA     0.09889988     0.01595112         NA         NA            2.00      0.00000000     63.99025 7.2177166045           18.60
5        9.280740     0.03245055      0.2500000   0.0000000000             NA             NA     0.09882293     0.01594719         NA         NA            1.00      0.00000000      0.01150 0.0009800644            1.00
6        9.275299     0.03189542      0.2441935   0.0012444874             NA             NA     0.09511857     0.01531860         NA         NA           50.00      0.00000000      1.49570 0.1681166904          147.45
7       10.432267     0.03410695      4.7540670   0.0264861907             NA             NA     2.07349161     0.09585642         NA         NA            9.90      0.06882472      0.11235 0.0029993640           11.65
8       10.475737     0.03565638      5.0025298   0.0207615396             NA             NA     2.20195701     0.10389909         NA         NA            3.45      0.51028888     18.65595 2.5404255875           24.25
9       10.462265     0.03361449      4.5401912   0.0580833871             NA             NA     2.15968644     0.09601913         NA         NA            4.40      0.31119464      0.38765 0.0145280627           15.80
10      10.484383     0.03538719      5.0539855   0.0057427340             NA             NA     2.22718516     0.10335005         NA         NA            2.00      0.00000000     57.57610 4.8817602120           23.25
11      10.484985     0.03525526      5.0625000   0.0000000000             NA             NA     2.22879720     0.10315319         NA         NA            1.00      0.00000000      0.01045 0.0008444089            1.00
12      10.478948     0.03478086      5.0332751   0.0067473791             NA             NA     2.21027150     0.10127935         NA         NA           50.00      0.00000000      1.45245 0.1453298331          155.65
   iterations_MCSE group_ARI_mean group_ARI_MCSE objective_mean objective_MCSE I_optimal_mean I_optimal_MCSE IMSPE_selected_mean IMSPE_selected_MCSE case R_setting Var_a_setting
1        0.4134260  -2.276500e-05   1.279665e-04             NA             NA             NA             NA                  NA                  NA   13        50          0.50
2        2.7753378   4.293051e-02   3.751367e-03      -9.343275     0.03283614     0.06463442   0.0003812293            9.343275          0.03283614   13        50          0.50
3        3.2213106   5.231420e-06   5.457833e-05             NA             NA             NA             NA                  NA                  NA   13        50          0.50
4        0.3276712   3.330101e-02   7.694205e-04             NA             NA             NA             NA                  NA                  NA   13        50          0.50
5        0.0000000             NA             NA             NA             NA             NA             NA                  NA                  NA   13        50          0.50
6        7.8791781  -1.043958e-04   1.635189e-04             NA             NA             NA             NA                  NA                  NA   13        50          0.50
7        0.3925289   1.571310e-04   1.103515e-04             NA             NA             NA             NA                  NA                  NA   13        50          2.25
8        3.4042350   4.699209e-02   3.965194e-03     -10.549091     0.03580757     0.07629926   0.0013014721           10.549091          0.03580757   13        50          2.25
9        2.0086654   4.785846e-05   5.964893e-05             NA             NA             NA             NA                  NA                  NA   13        50          2.25
10       2.0633073   3.330101e-02   7.694205e-04             NA             NA             NA             NA                  NA                  NA   13        50          2.25
11       0.0000000             NA             NA             NA             NA             NA             NA                  NA                  NA   13        50          2.25
12       9.4627455  -1.043958e-04   1.635189e-04             NA             NA             NA             NA                  NA                  NA   13        50          2.25
