Host: erc-hpc-comp189
MODEL=RI CASE=7 R_LIST=20 VAR_A_LIST=0.5,2.25
LABEL_POLICY=unknown MIS_TYPE=none RHO=0 LAMBDA=0 CIRG_CRITERION=IMSPE
NLOOP=20 SA_MAX=25 EM_MAX=300 K_GRID_POINTS=8 N_CORES=8
============================================================
Method comparison
MODEL=RI cases=7 label_policy=unknown misspec=none rho=0
N=2500 p=50 R=20 Var.a=0.5,2.25
nloop=20 tau=255 lambda=0 CIRG_CRITERION=IMSPE
Budgets: SA_MAX=25 EM_MAX=300 K_GRID_POINTS=8 KMEANS_NUM_INIT=1 KMEANS_MAX_ITERS=25 CPF_LAMBDA_POINTS=6 CPF_MAX_ITER=300 BLM_NSTART=5 N_CORES=8
Methods: LM, KM, OBS, CPF, BLM, CIRG
============================================================

Running case=7 R=20 Var.a=0.5
Saved: results_comparison/RI_case7_R20_vara0.5_lambda0_none.rds 

Running case=7 R=20 Var.a=2.25
Saved: results_comparison/RI_case7_R20_vara2.25_lambda0_none.rds 

Finished. Elapsed minutes: 9.02025 
Saved combined: results_comparison/RI_cases7_R20_vara0.50-2.25_grid_lambda0_none.rds 

   method mis_type rho  n convergence_rate MSPE_mean  MSPE_MCSE beta_MSE_mean beta_MSE_MCSE beta_SSE_mean beta_SSE_MCSE intercept_MSE_mean intercept_MSE_MCSE Var_a_hat_mean Var_a_hat_MCSE Var_b_hat_mean Var_b_hat_MCSE
1     BLM     none  NA 20                1  9.454883 0.07157929   0.001260531  4.782652e-05    0.06302657   0.002391326         0.03465900        0.009016470   0.0178900216   2.249730e-03             NA             NA
2    CIRG     none  NA 20                1  9.437644 0.07074188   0.001262299  4.913078e-05    0.06311495   0.002456539         0.03318700        0.008504338   0.0008989587   4.691360e-04             NA             NA
3     CPF     none  NA 20                1  9.447534 0.07129448   0.001259582  4.766872e-05    0.06297909   0.002383436         0.03460264        0.009144097   0.0107866581   1.970238e-03             NA             NA
4      KM     none  NA 20                1  9.437709 0.07077541   0.001260475  4.789758e-05    0.06302377   0.002394879         0.03319115        0.008502835   0.0001480901   6.952486e-07             NA             NA
5      LM     none  NA 20                1  9.437708 0.07077542   0.001260475  4.789763e-05    0.06302375   0.002394882         0.03319115        0.008502838   0.0000000000   0.000000e+00             NA             NA
6     OBS     none  NA 20                1  9.440496 0.07084278   0.001260261  4.784839e-05    0.06301306   0.002392419         0.03319106        0.008501551   0.0039704914   1.355650e-03             NA             NA
7     BLM     none  NA 20                1 11.049924 0.18473722   0.001493472  6.136731e-05    0.07467359   0.003068366         0.14931976        0.038078331   0.0223366086   2.701693e-03             NA             NA
8    CIRG     none  NA 20                1 11.027246 0.18369423   0.001492792  6.270160e-05    0.07463958   0.003135080         0.14679412        0.037568982   0.0004720255   1.521964e-04             NA             NA
9     CPF     none  NA 20                1 11.039674 0.18419344   0.001492876  6.172470e-05    0.07464379   0.003086235         0.14833839        0.039178383   0.0132736874   2.350388e-03             NA             NA
10     KM     none  NA 20                1 11.027361 0.18372675   0.001492278  6.227236e-05    0.07461390   0.003113618         0.14676838        0.037562891   0.0001620918   1.526107e-06             NA             NA
11     LM     none  NA 20                1 11.027361 0.18372684   0.001492277  6.227245e-05    0.07461387   0.003113623         0.14676840        0.037562898   0.0000000000   0.000000e+00             NA             NA
12    OBS     none  NA 20                1 11.030784 0.18386265   0.001492874  6.208613e-05    0.07464370   0.003104307         0.14676740        0.037558360   0.0049220141   1.519634e-03             NA             NA
   Var_e_hat_mean Var_e_hat_MCSE Var_a_MSE_mean Var_a_MSE_MCSE Var_b_MSE_mean Var_b_MSE_MCSE Var_e_MSE_mean Var_e_MSE_MCSE G_MSE_mean G_MSE_MCSE selected_K_mean selected_K_MCSE runtime_mean runtime_MCSE iterations_mean
1        9.361962     0.04347282      0.2325262   2.154662e-03             NA             NA      0.1669244     0.03334687         NA         NA            6.95      0.05000000      0.19590  0.016706428           20.45
2        9.376590     0.04363225      0.2491060   4.650257e-04             NA             NA      0.1779918     0.03450383         NA         NA            3.60      0.53508484     20.94585  1.540536740           31.00
3        9.367074     0.04347787      0.2394034   1.914583e-03             NA             NA      0.1706591     0.03381647         NA         NA           11.65      0.37888340      0.49695  0.047786558           46.85
4        9.377187     0.04353962      0.2498519   6.950428e-07             NA             NA      0.1782880     0.03449495         NA         NA            2.00      0.00000000     65.41970  4.695741749           17.00
5        9.377040     0.04353887      0.2500000   0.000000e+00             NA             NA      0.1781762     0.03448188         NA         NA            1.00      0.00000000      0.03660  0.004679969            1.00
6        9.373397     0.04355456      0.2460802   1.318695e-03             NA             NA      0.1754681     0.03440285         NA         NA           20.00      0.00000000      0.95960  0.108698627           82.45
7       10.952949     0.16487073      4.9626229   1.202646e-02             NA             NA      4.3304763     0.73772553         NA         NA            6.90      0.06882472      0.19435  0.028049043           20.60
8       10.971658     0.16516577      5.0603765   6.844211e-04             NA             NA      4.4057498     0.74524958         NA         NA            3.70      0.53851648     21.37080  1.629562921           40.40
9       10.960011     0.16510032      5.0030496   1.048537e-02             NA             NA      4.3595456     0.74084295         NA         NA           11.80      0.38797721      0.51045  0.055256887           48.55
10      10.971974     0.16517256      5.0617706   6.866981e-06             NA             NA      4.4070389     0.74531174         NA         NA            2.00      0.00000000     65.46345  4.657547113           18.15
11      10.971813     0.16517088      5.0625000   0.000000e+00             NA             NA      4.4063950     0.74525162         NA         NA            1.00      0.00000000      0.03220  0.002227342            1.00
12      10.967211     0.16520185      5.0404190   6.794945e-03             NA             NA      4.3884608     0.74458808         NA         NA           20.00      0.00000000      0.91160  0.076728448           89.65
   iterations_MCSE group_ARI_mean group_ARI_MCSE objective_mean objective_MCSE I_optimal_mean I_optimal_MCSE IMSPE_selected_mean IMSPE_selected_MCSE case R_setting Var_a_setting
1        2.2010464  -2.407093e-04   2.337792e-04             NA             NA             NA             NA                  NA                  NA    7        20          0.50
2        4.8368106   5.621356e-05   1.644351e-04      -9.441091     0.04390922     0.06479058   0.0003511013            9.441091          0.04390922    7        20          0.50
3        6.4040592   9.458446e-06   2.845011e-04             NA             NA             NA             NA                  NA                  NA    7        20          0.50
4        0.0000000   8.266722e-05   7.091222e-05             NA             NA             NA             NA                  NA                  NA    7        20          0.50
5        0.0000000             NA             NA             NA             NA             NA             NA                  NA                  NA    7        20          0.50
6        4.4970604  -3.373013e-05   1.038553e-04             NA             NA             NA             NA                  NA                  NA    7        20          0.50
7        3.4886281  -6.099027e-05   2.255189e-04             NA             NA             NA             NA                  NA                  NA    7        20          2.25
8        9.1154582   4.371512e-05   1.658750e-04     -11.046996     0.16630072     0.07545103   0.0011369074           11.046996          0.16630072    7        20          2.25
9        6.9836180  -5.098413e-05   2.500822e-04             NA             NA             NA             NA                  NA                  NA    7        20          2.25
10       0.1094243   8.266722e-05   7.091222e-05             NA             NA             NA             NA                  NA                  NA    7        20          2.25
11       0.0000000             NA             NA             NA             NA             NA             NA                  NA                  NA    7        20          2.25
12       6.0180758  -3.373013e-05   1.038553e-04             NA             NA             NA             NA                  NA                  NA    7        20          2.25
