Host: erc-hpc-comp188
MODEL=RI CASE=14 R_LIST=10 VAR_A_LIST=0.5,2.25
LABEL_POLICY=unknown MIS_TYPE=none RHO=0 LAMBDA=0 CIRG_CRITERION=IMSPE
NLOOP=20 SA_MAX=25 EM_MAX=300 K_GRID_POINTS=8 N_CORES=8
============================================================
Method comparison
MODEL=RI cases=14 label_policy=unknown misspec=none rho=0
N=2500 p=50 R=10 Var.a=0.5,2.25
nloop=20 tau=255 lambda=0 CIRG_CRITERION=IMSPE
Budgets: SA_MAX=25 EM_MAX=300 K_GRID_POINTS=8 KMEANS_NUM_INIT=1 KMEANS_MAX_ITERS=25 CPF_LAMBDA_POINTS=6 CPF_MAX_ITER=300 BLM_NSTART=5 N_CORES=8
Methods: LM, KM, OBS, CPF, BLM, CIRG
============================================================

Running case=14 R=10 Var.a=0.5
Saved: results_comparison/RI_case14_R10_vara0.5_lambda0_none.rds 

Running case=14 R=10 Var.a=2.25
Saved: results_comparison/RI_case14_R10_vara2.25_lambda0_none.rds 

Finished. Elapsed minutes: 9.317267 
Saved combined: results_comparison/RI_cases14_R10_vara0.50-2.25_grid_lambda0_none.rds 

   method mis_type rho  n convergence_rate MSPE_mean  MSPE_MCSE beta_MSE_mean beta_MSE_MCSE beta_SSE_mean beta_SSE_MCSE intercept_MSE_mean intercept_MSE_MCSE Var_a_hat_mean Var_a_hat_MCSE Var_b_hat_mean Var_b_hat_MCSE
1     BLM     none  NA 20                1  9.375333 0.05662493   0.002912852  8.684529e-05     0.1456426   0.004342265        0.006096398        0.002054943   0.0036419835   1.126228e-03             NA             NA
2    CIRG     none  NA 20                1  9.374521 0.05673437   0.002905756  8.730343e-05     0.1452878   0.004365172        0.005972322        0.001880626   0.0002725313   5.474737e-05             NA             NA
3     CPF     none  NA 20                1  9.374563 0.05670592   0.002912889  8.695246e-05     0.1456444   0.004347623        0.005954977        0.001881037   0.0020013766   7.133861e-04             NA             NA
4      KM     none  NA 20                1  9.374539 0.05672641   0.002906779  8.713413e-05     0.1453390   0.004356706        0.005972199        0.001880571   0.0001880631   1.673119e-05             NA             NA
5      LM     none  NA 20                1  9.374556 0.05673205   0.002914239  8.702717e-05     0.1457119   0.004351358        0.005966820        0.001881422   0.0000000000   0.000000e+00             NA             NA
6     OBS     none  NA 20                1  9.374411 0.05667311   0.002912978  8.695428e-05     0.1456489   0.004347714        0.005970863        0.001883932   0.0017245142   5.893420e-04             NA             NA
7     BLM     none  NA 20                1 10.516743 0.06536305   0.008114338  1.869217e-04     0.4057169   0.009346086        0.026462192        0.007596559   0.0041774029   1.367388e-03             NA             NA
8    CIRG     none  NA 20                1 10.515088 0.06540880   0.007738976  2.190842e-04     0.3869488   0.010954209        0.026167606        0.007224233   0.0040434668   1.532654e-03             NA             NA
9     CPF     none  NA 20                1 10.515967 0.06539132   0.008114657  1.869865e-04     0.4057328   0.009349325        0.026675477        0.007718466   0.0027295892   9.440945e-04             NA             NA
10     KM     none  NA 20                1 10.515493 0.06530336   0.007747639  2.176724e-04     0.3873819   0.010883618        0.026170529        0.007223717   0.0038883582   1.548818e-03             NA             NA
11     LM     none  NA 20                1 10.515413 0.06540944   0.008117438  1.868973e-04     0.4058719   0.009344866        0.026021685        0.007239426   0.0000000000   0.000000e+00             NA             NA
12    OBS     none  NA 20                1 10.515440 0.06543896   0.008114538  1.870994e-04     0.4057269   0.009354968        0.026030990        0.007244474   0.0021121398   7.957171e-04             NA             NA
   Var_e_hat_mean Var_e_hat_MCSE Var_a_MSE_mean Var_a_MSE_MCSE Var_b_MSE_mean Var_b_MSE_MCSE Var_e_MSE_mean Var_e_MSE_MCSE G_MSE_mean G_MSE_MCSE selected_K_mean selected_K_MCSE runtime_mean runtime_MCSE iterations_mean
1        9.240838     0.03296074      0.2463954   1.107750e-03             NA             NA     0.07864461     0.01319188         NA         NA             5.9       0.1000000      0.39985  0.036223304           43.40
2        9.243837     0.03293148      0.2497276   5.468076e-05             NA             NA     0.08006159     0.01343432         NA         NA             3.0       0.6112972     22.34130  2.579787657           32.30
3        9.242198     0.03288019      0.2480123   7.058918e-04             NA             NA     0.07920086     0.01326961         NA         NA             7.8       0.2772041      0.51270  0.027090210           54.00
4        9.243917     0.03290636      0.2498120   1.672151e-05             NA             NA     0.08006936     0.01343680         NA         NA             2.0       0.0000000     80.06540  6.855253091           25.15
5        9.243853     0.03289879      0.2500000   0.000000e+00             NA             NA     0.08002851     0.01342568         NA         NA             1.0       0.0000000      0.02795  0.002269332            1.00
6        9.242459     0.03285560      0.2482851   5.841360e-04             NA             NA     0.07929682     0.01328351         NA         NA            10.0       0.0000000      0.75100  0.067229223           53.45
7       10.370946     0.03698868      5.0437547   6.127760e-03             NA             NA     1.90548740     0.10008674         NA         NA             5.8       0.1169795      0.43635  0.043426300           44.20
8       10.372707     0.03724350      5.0443654   6.869453e-03             NA             NA     1.91067809     0.10098427         NA         NA             3.0       0.6112972     21.27635  2.348489451           30.50
9       10.372094     0.03698152      5.0502412   4.236068e-03             NA             NA     1.90862807     0.10015130         NA         NA             7.8       0.2127514      0.62255  0.059270410           50.85
10      10.372855     0.03721221      5.0450631   6.942136e-03             NA             NA     1.91103980     0.10090956         NA         NA             2.0       0.0000000     81.03585  6.071786329           22.55
11      10.374481     0.03699631      5.0625000   0.000000e+00             NA             NA     1.91520324     0.10042657         NA         NA             1.0       0.0000000      0.02475  0.002035055            1.00
12      10.372731     0.03691725      5.0530119   3.571351e-03             NA             NA     1.91028573     0.10002040         NA         NA            10.0       0.0000000      0.70870  0.068194424           55.00
   iterations_MCSE group_ARI_mean group_ARI_MCSE objective_mean objective_MCSE I_optimal_mean I_optimal_MCSE IMSPE_selected_mean IMSPE_selected_MCSE case R_setting Var_a_setting
1         3.606573  -4.843967e-04   0.0002831647             NA             NA             NA             NA                  NA                  NA   14        10          0.50
2         5.384725   3.380587e-02   0.0039521228      -9.307242     0.03316385     0.06347947   0.0002503984            9.307242          0.03316385   14        10          0.50
3         3.274302  -2.713512e-04   0.0003112147             NA             NA             NA             NA                  NA                  NA   14        10          0.50
4         3.913724   3.761771e-02   0.0039674389             NA             NA             NA             NA                  NA                  NA   14        10          0.50
5         0.000000             NA             NA             NA             NA             NA             NA                  NA                  NA   14        10          0.50
6         2.787637  -2.519361e-04   0.0001109870             NA             NA             NA             NA                  NA                  NA   14        10          0.50
7         3.946084  -7.500992e-05   0.0003561481             NA             NA             NA             NA                  NA                  NA   14        10          2.25
8         4.983393   3.380587e-02   0.0039521228     -10.444108     0.03747241     0.07346510   0.0008778572           10.444108          0.03747241   14        10          2.25
9         3.158343  -5.002330e-04   0.0003243772             NA             NA             NA             NA                  NA                  NA   14        10          2.25
10        2.120669   3.761771e-02   0.0039674389             NA             NA             NA             NA                  NA                  NA   14        10          2.25
11        0.000000             NA             NA             NA             NA             NA             NA                  NA                  NA   14        10          2.25
12        3.203616  -2.519361e-04   0.0001109870             NA             NA             NA             NA                  NA                  NA   14        10          2.25
