Host: erc-hpc-comp026
MODEL=RI CASE=11 R_LIST=50 VAR_A_LIST=0.5,2.25
LABEL_POLICY=unknown MIS_TYPE=none RHO=0 LAMBDA=0 CIRG_CRITERION=IMSPE
NLOOP=20 SA_MAX=25 EM_MAX=300 K_GRID_POINTS=8 N_CORES=8
============================================================
Method comparison
MODEL=RI cases=11 label_policy=unknown misspec=none rho=0
N=2500 p=50 R=50 Var.a=0.5,2.25
nloop=20 tau=255 lambda=0 CIRG_CRITERION=IMSPE
Budgets: SA_MAX=25 EM_MAX=300 K_GRID_POINTS=8 KMEANS_NUM_INIT=1 KMEANS_MAX_ITERS=25 CPF_LAMBDA_POINTS=6 CPF_MAX_ITER=300 BLM_NSTART=5 N_CORES=8
Methods: LM, KM, OBS, CPF, BLM, CIRG
============================================================

Running case=11 R=50 Var.a=0.5
Saved: results_comparison/RI_case11_R50_vara0.5_lambda0_none.rds 

Running case=11 R=50 Var.a=2.25
Saved: results_comparison/RI_case11_R50_vara2.25_lambda0_none.rds 

Finished. Elapsed minutes: 8.520533 
Saved combined: results_comparison/RI_cases11_R50_vara0.50-2.25_grid_lambda0_none.rds 

   method mis_type rho  n convergence_rate MSPE_mean  MSPE_MCSE beta_MSE_mean beta_MSE_MCSE beta_SSE_mean beta_SSE_MCSE intercept_MSE_mean intercept_MSE_MCSE Var_a_hat_mean Var_a_hat_MCSE Var_b_hat_mean Var_b_hat_MCSE
1     BLM     none  NA 20                1  9.288809 0.06229171   0.006071804  0.0001848982     0.3035902   0.009244909        0.004427529       0.0011702280    0.062325323    0.004123711             NA             NA
2    CIRG     none  NA 20                1  9.255631 0.06341530   0.005548111  0.0001924749     0.2774056   0.009623745        0.001962586       0.0004561533    0.037234759    0.009747981             NA             NA
3     CPF     none  NA 20                1  9.269399 0.06263526   0.006068487  0.0001868668     0.3034243   0.009343338        0.038683819       0.0110032373    0.126011323    0.012103008             NA             NA
4      KM     none  NA 20                1  9.256460 0.06266674   0.005642365  0.0001833925     0.2821182   0.009169626        0.001830604       0.0006623290    0.024944459    0.008389887             NA             NA
5      LM     none  NA 20                1  9.258725 0.06347535   0.006058790  0.0001795953     0.3029395   0.008979763        0.001833028       0.0006449918    0.000000000    0.000000000             NA             NA
6     OBS     none  NA 20                1  9.258774 0.06329203   0.006059968  0.0001803787     0.3029984   0.009018935        0.001833049       0.0006449098    0.005610338    0.001217555             NA             NA
7     BLM     none  NA 20                1  9.472320 0.06286816   0.012528789  0.0002124377     0.6264395   0.010621883        0.004920930       0.0012392887    0.065730040    0.004204254             NA             NA
8    CIRG     none  NA 20                1  9.398302 0.06132961   0.008266061  0.0004862567     0.4133031   0.024312836        0.007642864       0.0022884345    0.325822725    0.048927141             NA             NA
9     CPF     none  NA 20                1  9.454676 0.06357178   0.012517221  0.0002123276     0.6258611   0.010616380        0.037417052       0.0110329947    0.131439470    0.012625620             NA             NA
10     KM     none  NA 20                1  9.417362 0.06166816   0.009314035  0.0003309235     0.4657018   0.016546177        0.002819278       0.0008633655    0.157439602    0.024124432             NA             NA
11     LM     none  NA 20                1  9.440312 0.06427762   0.012520027  0.0002078718     0.6260013   0.010393588        0.002681132       0.0008030238    0.000000000    0.000000000             NA             NA
12    OBS     none  NA 20                1  9.440315 0.06411454   0.012521148  0.0002081625     0.6260574   0.010408124        0.002681414       0.0008030386    0.006016602    0.001318288             NA             NA
   Var_e_hat_mean Var_e_hat_MCSE Var_a_MSE_mean Var_a_MSE_MCSE Var_b_MSE_mean Var_b_MSE_MCSE Var_e_MSE_mean Var_e_MSE_MCSE G_MSE_mean G_MSE_MCSE selected_K_mean selected_K_MCSE runtime_mean runtime_MCSE iterations_mean
1        8.908335     0.02895434      0.1918822    0.003570030             NA             NA     0.02433119    0.006724861         NA         NA            9.90      0.06882472      0.11005 3.180098e-03           11.70
2        8.945915     0.02924524      0.2159571    0.008579921             NA             NA     0.01917559    0.005114653         NA         NA            3.20      0.53606755     18.61310 1.696165e+00           26.55
3        8.935159     0.02897792      0.1426507    0.009001780             NA             NA     0.02015903    0.005689477         NA         NA            4.40      0.30262014      0.34035 3.725640e-03           12.60
4        8.949185     0.02930943      0.2270152    0.007468467             NA             NA     0.01890398    0.005133535         NA         NA            2.00      0.00000000     60.33900 4.226677e+00           21.35
5        8.954284     0.02893846      0.2500000    0.000000000             NA             NA     0.01800125    0.004741924         NA         NA            1.00      0.00000000      0.00830 1.051315e-04            1.00
6        8.949079     0.02887729      0.2444493    0.001192493             NA             NA     0.01843705    0.004903038         NA         NA           50.00      0.00000000      1.09195 5.309041e-02          149.10
7        9.087807     0.02806405      4.7713711    0.018335032             NA             NA     0.02267427    0.005584391         NA         NA            9.85      0.08191780      0.10625 3.128708e-03           11.40
8        9.091210     0.02849650      3.7479416    0.187325742             NA             NA     0.02374825    0.005637660         NA         NA            4.00      0.55250625     15.21435 1.621119e+00           13.40
9        9.112836     0.02822348      4.4913274    0.053372344             NA             NA     0.02786664    0.006675551         NA         NA            4.35      0.29267370      0.33465 5.436850e-03           12.00
10       9.107091     0.02967310      4.3898668    0.100687000             NA             NA     0.02819782    0.006608668         NA         NA            2.00      0.00000000     59.65065 4.171840e+00           10.80
11       9.135318     0.02816203      5.0625000    0.000000000             NA             NA     0.03337973    0.008059837         NA         NA            1.00      0.00000000      0.00800 7.254763e-05            1.00
12       9.129702     0.02802274      5.0354945    0.005904520             NA             NA     0.03174278    0.007733718         NA         NA           50.00      0.00000000      1.08050 5.684626e-02          149.15
   iterations_MCSE group_ARI_mean group_ARI_MCSE objective_mean objective_MCSE I_optimal_mean I_optimal_MCSE IMSPE_selected_mean IMSPE_selected_MCSE case R_setting Var_a_setting
1        0.4236433  -2.547523e-04   1.388328e-04             NA             NA             NA             NA                  NA                  NA   11        50          0.50
2        3.1668306   6.977586e-02   7.801721e-03      -9.008381     0.02947089     0.07946355     0.00456183            9.008381          0.02947089   11        50          0.50
3        0.4553772  -1.234356e-04   6.710716e-05             NA             NA             NA             NA                  NA                  NA   11        50          0.50
4        1.6500000   4.844153e-02   8.788794e-04             NA             NA             NA             NA                  NA                  NA   11        50          0.50
5        0.0000000             NA             NA             NA             NA             NA             NA                  NA                  NA   11        50          0.50
6        7.2844102  -1.043958e-04   1.635189e-04             NA             NA             NA             NA                  NA                  NA   11        50          0.50
7        0.4129483  -3.406577e-05   1.406410e-04             NA             NA             NA             NA                  NA                  NA   11        50          2.25
8        1.0397368   8.933668e-02   9.423379e-03      -9.156835     0.02884905     0.15801944     0.01225852            9.156835          0.02884905   11        50          2.25
9        0.5026247  -1.348213e-04   7.265660e-05             NA             NA             NA             NA                  NA                  NA   11        50          2.25
10       0.9335839   4.844153e-02   8.788794e-04             NA             NA             NA             NA                  NA                  NA   11        50          2.25
11       0.0000000             NA             NA             NA             NA             NA             NA                  NA                  NA   11        50          2.25
12       7.8288518  -1.043958e-04   1.635189e-04             NA             NA             NA             NA                  NA                  NA   11        50          2.25
