Host: erc-hpc-comp010
MODEL=RI CASE=2 R_LIST=20 VAR_A_LIST=0.5,2.25
LABEL_POLICY=unknown MIS_TYPE=none RHO=0 LAMBDA=0 CIRG_CRITERION=IMSPE
NLOOP=20 SA_MAX=25 EM_MAX=300 K_GRID_POINTS=8 N_CORES=8
============================================================
Method comparison
MODEL=RI cases=2 label_policy=unknown misspec=none rho=0
N=2500 p=50 R=20 Var.a=0.5,2.25
nloop=20 tau=255 lambda=0 CIRG_CRITERION=IMSPE
Budgets: SA_MAX=25 EM_MAX=300 K_GRID_POINTS=8 KMEANS_NUM_INIT=1 KMEANS_MAX_ITERS=25 CPF_LAMBDA_POINTS=6 CPF_MAX_ITER=300 BLM_NSTART=5 N_CORES=8
Methods: LM, KM, OBS, CPF, BLM, CIRG
============================================================

Running case=2 R=20 Var.a=0.5
Saved: results_comparison/RI_case2_R20_vara0.5_lambda0_none.rds 

Running case=2 R=20 Var.a=2.25
Saved: results_comparison/RI_case2_R20_vara2.25_lambda0_none.rds 

Finished. Elapsed minutes: 4.509083 
Saved combined: results_comparison/RI_cases2_R20_vara0.50-2.25_grid_lambda0_none.rds 

   method mis_type rho  n convergence_rate MSPE_mean  MSPE_MCSE beta_MSE_mean beta_MSE_MCSE beta_SSE_mean beta_SSE_MCSE intercept_MSE_mean intercept_MSE_MCSE Var_a_hat_mean Var_a_hat_MCSE Var_b_hat_mean Var_b_hat_MCSE
1     BLM     none  NA 20                1  9.463745 0.07166909   0.001962033  9.712970e-05    0.09810163   0.004856485         0.03391289        0.009353871   0.0176301751   2.178745e-03             NA             NA
2    CIRG     none  NA 20                1  9.445682 0.07085175   0.001962700  9.669228e-05    0.09813499   0.004834614         0.03285110        0.008549030   0.0005461583   3.611625e-04             NA             NA
3     CPF     none  NA 20                1  9.456518 0.07129216   0.001961400  9.688498e-05    0.09806998   0.004844249         0.03306704        0.008977662   0.0108791449   1.960475e-03             NA             NA
4      KM     none  NA 20                1  9.446097 0.07071130   0.001961818  9.679133e-05    0.09809090   0.004839566         0.03286402        0.008549609   0.0001678920   6.490788e-06             NA             NA
5      LM     none  NA 20                1  9.446067 0.07072154   0.001961760  9.673247e-05    0.09808799   0.004836624         0.03286920        0.008549522   0.0000000000   0.000000e+00             NA             NA
6     OBS     none  NA 20                1  9.448687 0.07079094   0.001962481  9.682846e-05    0.09812403   0.004841423         0.03287615        0.008554967   0.0039639748   1.359687e-03             NA             NA
7     BLM     none  NA 20                1 11.062640 0.18337722   0.002312272  1.199599e-04    0.11561362   0.005997995         0.15052409        0.038175253   0.0214367365   2.563475e-03             NA             NA
8    CIRG     none  NA 20                1 11.039644 0.18220033   0.002315807  1.200728e-04    0.11579035   0.006003638         0.14623081        0.037652519   0.0004334375   2.320443e-04             NA             NA
9     CPF     none  NA 20                1 11.054130 0.18302542   0.002314015  1.195249e-04    0.11570074   0.005976245         0.14709526        0.039030725   0.0138742709   2.222236e-03             NA             NA
10     KM     none  NA 20                1 11.039947 0.18215009   0.002315684  1.200141e-04    0.11578420   0.006000707         0.14623662        0.037653658   0.0001838045   7.073364e-06             NA             NA
11     LM     none  NA 20                1 11.039911 0.18216606   0.002315631  1.199548e-04    0.11578157   0.005997740         0.14624752        0.037653174   0.0000000000   0.000000e+00             NA             NA
12    OBS     none  NA 20                1 11.043033 0.18228750   0.002315392  1.199258e-04    0.11576961   0.005996290         0.14626140        0.037664432   0.0047735269   1.438345e-03             NA             NA
   Var_e_hat_mean Var_e_hat_MCSE Var_a_MSE_mean Var_a_MSE_MCSE Var_b_MSE_mean Var_b_MSE_MCSE Var_e_MSE_mean Var_e_MSE_MCSE G_MSE_mean G_MSE_MCSE selected_K_mean selected_K_MCSE runtime_mean runtime_MCSE iterations_mean
1        9.367773     0.04329830      0.2327708   2.090594e-03             NA             NA      0.1708773     0.03355874         NA         NA             7.0       0.0000000      0.16110 0.0153387881           20.60
2        9.382595     0.04343884      0.2494566   3.584230e-04             NA             NA      0.1822304     0.03479162         NA         NA             2.4       0.2554665     14.57390 0.7725439109           21.90
3        9.372755     0.04340106      0.2393122   1.902537e-03             NA             NA      0.1747359     0.03411638         NA         NA            11.7       0.3776660      0.38880 0.0405061789           44.40
4        9.382930     0.04337557      0.2498321   6.488265e-06             NA             NA      0.1823824     0.03476316         NA         NA             2.0       0.0000000     30.95560 2.0893153152           19.40
5        9.382824     0.04337451      0.2500000   0.000000e+00             NA             NA      0.1823001     0.03475362         NA         NA             1.0       0.0000000      0.01475 0.0001601808            1.00
6        9.379188     0.04342078      0.2460869   1.322873e-03             NA             NA      0.1796057     0.03466582         NA         NA            20.0       0.0000000      0.56740 0.0309709032           83.10
7       10.960457     0.16567978      4.9666191   1.142007e-02             NA             NA      4.3649394     0.74367860         NA         NA             7.0       0.0000000      0.17295 0.0287977955           21.95
8       10.978871     0.16603597      5.0605507   1.043032e-03             NA             NA      4.4397196     0.75179406         NA         NA             2.4       0.2554665     14.90980 0.8467616629           24.35
9       10.966244     0.16572103      5.0003521   9.916141e-03             NA             NA      4.3879205     0.74546022         NA         NA            11.4       0.3583588      0.36175 0.0379351160           40.65
10      10.979108     0.16601526      5.0616729   3.182717e-05             NA             NA      4.4405298     0.75170910         NA         NA             2.0       0.0000000     30.98665 2.1046859202           20.90
11      10.978994     0.16601090      5.0625000   0.000000e+00             NA             NA      4.4400510     0.75165868         NA         NA             1.0       0.0000000      0.01385 0.0001312892            1.00
12      10.974544     0.16606437      5.0410812   6.432534e-03             NA             NA      4.4227951     0.75084163         NA         NA            20.0       0.0000000      0.59350 0.0385282876           89.15
   iterations_MCSE group_ARI_mean group_ARI_MCSE objective_mean objective_MCSE I_optimal_mean I_optimal_MCSE IMSPE_selected_mean IMSPE_selected_MCSE case R_setting Var_a_setting
1        2.3613110  -1.098082e-04   1.951897e-04             NA             NA             NA             NA                  NA                  NA    2        20          0.50
2        1.2771267  -3.452821e-05   5.928187e-05      -9.447015     0.04374456     0.06450463   0.0003328968            9.447015          0.04374456    2        20          0.50
3        6.2156001   1.296792e-04   2.464296e-04             NA             NA             NA             NA                  NA                  NA    2        20          0.50
4        0.8252591  -4.936154e-06   5.990118e-05             NA             NA             NA             NA                  NA                  NA    2        20          0.50
5        0.0000000             NA             NA             NA             NA             NA             NA                  NA                  NA    2        20          0.50
6        4.7361432  -3.373013e-05   1.038553e-04             NA             NA             NA             NA                  NA                  NA    2        20          0.50
7        4.1482241   1.033071e-04   2.001372e-04             NA             NA             NA             NA                  NA                  NA    2        20          2.25
8        1.9712072  -3.452821e-05   5.928187e-05     -11.054200     0.16720764     0.07541926   0.0011775829           11.054200          0.16720764    2        20          2.25
9        5.5285265   2.684468e-04   2.075859e-04             NA             NA             NA             NA                  NA                  NA    2        20          2.25
10       0.9676341  -4.936154e-06   5.990118e-05             NA             NA             NA             NA                  NA                  NA    2        20          2.25
11       0.0000000             NA             NA             NA             NA             NA             NA                  NA                  NA    2        20          2.25
12       5.8414467  -3.373013e-05   1.038553e-04             NA             NA             NA             NA                  NA                  NA    2        20          2.25
