Host: erc-hpc-comp186
MODEL=RS CASE=7 R_LIST=20 VAR_A_LIST=0.5,2.25
LABEL_POLICY=unknown MIS_TYPE=none RHO=0 LAMBDA=0 CIRG_CRITERION=IMSPE
NLOOP=20 SA_MAX=25 EM_MAX=300 K_GRID_POINTS=8 N_CORES=8
============================================================
Method comparison
MODEL=RS cases=7 label_policy=unknown misspec=none rho=0
N=2500 p=50 R=20 Var.a=0.5,2.25
nloop=20 tau=255 lambda=0 CIRG_CRITERION=IMSPE
Budgets: SA_MAX=25 EM_MAX=300 K_GRID_POINTS=8 KMEANS_NUM_INIT=1 KMEANS_MAX_ITERS=25 CPF_LAMBDA_POINTS=6 CPF_MAX_ITER=300 BLM_NSTART=5 N_CORES=8
Methods: LM, KM, OBS, CPF, BLM, CIRG
============================================================

Running case=7 R=20 Var.a=0.5
Saved: results_comparison/RS_case7_R20_vara0.5_varb0.1_lambda0_none.rds 

Running case=7 R=20 Var.a=2.25
Saved: results_comparison/RS_case7_R20_vara2.25_varb0.1_lambda0_none.rds 

Finished. Elapsed minutes: 17.38095 
Saved combined: results_comparison/RS_cases7_R20_vara0.50-2.25_varb0.1_grid_lambda0_none.rds 

   method mis_type rho  n convergence_rate MSPE_mean MSPE_MCSE beta_MSE_mean beta_MSE_MCSE beta_SSE_mean beta_SSE_MCSE intercept_MSE_mean intercept_MSE_MCSE Var_a_hat_mean Var_a_hat_MCSE Var_b_hat_mean Var_b_hat_MCSE
1     BLM     none  NA 20             1.00  31.79928  1.816667    0.01151970  0.0006258460     0.5759850    0.03129230         0.03709188        0.008213775   0.0001546954   8.341603e-06   1.185575e-04   6.325635e-06
2    CIRG     none  NA 20             0.75  31.79894  1.816681    0.01149706  0.0006249154     0.5748530    0.03124577         0.03682019        0.008074679   0.0005015142   4.936164e-05   8.237661e-05   7.780041e-06
3     CPF     none  NA 20             0.95  31.81817  1.818700    0.01151705  0.0006209672     0.5758525    0.03104836         0.03777830        0.008476347   0.0325484937   8.985006e-03   6.187129e-04   4.495119e-05
4      KM     none  NA 20             1.00  31.79930  1.816694    0.01151976  0.0006257435     0.5759881    0.03128718         0.03740426        0.008213203   0.0004149324   1.702870e-05   6.287316e-05   3.053178e-06
5      LM     none  NA 20             1.00  31.79928  1.816667    0.01151970  0.0006258460     0.5759850    0.03129230         0.03709188        0.008213775   0.0000000000   0.000000e+00             NA             NA
6     OBS     none  NA 20             1.00  31.83072  1.815765    0.01152772  0.0006245322     0.5763858    0.03122661         0.03732537        0.008314374   0.0159771351   6.208336e-03   7.526000e-04   3.565585e-05
7     BLM     none  NA 20             1.00  33.42757  1.784037    0.01172964  0.0006395490     0.5864822    0.03197745         0.15217955        0.036108431   0.0001624827   8.120968e-06   1.245296e-04   6.156233e-06
8    CIRG     none  NA 20             0.75  33.42640  1.783796    0.01170282  0.0006359855     0.5851410    0.03179928         0.15172531        0.035651661   0.0005439789   5.917828e-05   8.891809e-05   8.969403e-06
9     CPF     none  NA 20             0.95  33.46256  1.784828    0.01173849  0.0006350484     0.5869247    0.03175242         0.15615410        0.037874331   0.0359241446   1.024966e-02   6.278964e-04   4.994115e-05
10     KM     none  NA 20             1.00  33.42753  1.784069    0.01172976  0.0006394829     0.5864878    0.03197415         0.15299735        0.036141464   0.0004167027   1.948343e-05   6.373952e-05   3.377123e-06
11     LM     none  NA 20             1.00  33.42757  1.784037    0.01172964  0.0006395490     0.5864822    0.03197745         0.15217955        0.036108431   0.0000000000   0.000000e+00             NA             NA
12    OBS     none  NA 20             1.00  33.46329  1.783510    0.01173840  0.0006382334     0.5869198    0.03191167         0.15263927        0.036328313   0.0164791978   6.499823e-03   7.624736e-04   3.737383e-05
   Var_e_hat_mean Var_e_hat_MCSE Var_a_MSE_mean Var_a_MSE_MCSE Var_b_MSE_mean Var_b_MSE_MCSE Var_e_MSE_mean Var_e_MSE_MCSE   G_MSE_mean   G_MSE_MCSE selected_K_mean selected_K_MCSE runtime_mean runtime_MCSE
1        31.36870       1.748829      0.2498453   8.338701e-06    0.009976303   1.263449e-06       558.4683       95.98757 0.0002878356 2.749343e-08            1.00       0.0000000      0.40285  0.005650466
2        31.35694       1.748845      0.2494988   4.929395e-05    0.009983533   1.554359e-06       557.9434       95.96323 0.0002878414 4.806655e-08            4.00       0.4472136     84.60250  7.201724551
3        31.30030       1.743700      0.2200448   7.742906e-03    0.009876679   8.936484e-06       555.0729       95.56849 0.0002744632 3.092808e-06           13.25       0.3314641      2.82395  0.226639773
4        31.36401       1.748532      0.2495852   1.701526e-05    0.009987429   6.102322e-07       558.2388       95.95201 0.0002879495 1.786055e-08            2.00       0.0000000     76.27720  5.827306282
5        31.35906       1.748306      0.2500000   0.000000e+00             NA             NA       558.0023       95.92064           NA           NA            1.00       0.0000000      0.02435  0.001740047
6        31.29873       1.744300      0.2350105   5.669163e-03    0.009850071   7.074221e-06       555.0424       95.56822 0.0002797055 2.256940e-06           20.00       0.0000000      4.20260  0.374001952
7        32.94407       1.703615      5.0617689   3.654143e-05    0.009975110   1.229552e-06       628.4623       97.61904 0.0021378410 3.768416e-08            1.00       0.0000000      0.41545  0.007273772
8        32.93128       1.703595      5.0600525   2.662175e-04    0.009982226   1.792004e-06       627.8487       97.59329 0.0021373179 1.338354e-07            4.00       0.4812265     86.86065  7.230781532
9        32.86795       1.697480      4.9041279   4.457810e-02    0.009874862   9.923028e-06       624.4261       97.12569 0.0020753061 1.723656e-05           12.95       0.3201562      2.84320  0.162455348
10       32.93909       1.703325      5.0606250   8.766005e-05    0.009987256   6.749788e-07       628.2051       97.58314 0.0021376347 4.601603e-08            2.00       0.0000000     78.81080  6.166146580
11       32.93394       1.703107      5.0625000   0.000000e+00             NA             NA       627.9445       97.55131           NA           NA            1.00       0.0000000      0.02440  0.001886796
12       32.87149       1.698886      4.9894179   2.865790e-02    0.009848113   7.414464e-06       624.6862       97.16753 0.0021075831 1.109333e-05           20.00       0.0000000      4.29950  0.356693009
   iterations_mean iterations_MCSE group_ARI_mean group_ARI_MCSE objective_mean objective_MCSE I_optimal_mean I_optimal_MCSE IMSPE_selected_mean IMSPE_selected_MCSE case R_setting Var_a_setting
1            27.05        0.050000   0.000000e+00   0.000000e+00             NA             NA             NA             NA                  NA                  NA    7        20          0.50
2           211.85       20.168667  -1.517252e-04   1.756960e-04      -31.57720       1.760667      0.2285037     0.01223565            31.57720            1.760667    7        20          0.50
3           156.60        9.835328  -1.256142e-04   3.716160e-04             NA             NA             NA             NA                  NA                  NA    7        20          0.50
4           108.15        2.980882   8.266722e-05   7.091222e-05             NA             NA             NA             NA                  NA                  NA    7        20          0.50
5             1.00        0.000000             NA             NA             NA             NA             NA             NA                  NA                  NA    7        20          0.50
6           185.70        6.783145  -3.373013e-05   1.038553e-04             NA             NA             NA             NA                  NA                  NA    7        20          0.50
7            27.05        0.050000   0.000000e+00   0.000000e+00             NA             NA             NA             NA                  NA                  NA    7        20          2.25
8           207.55       20.219386  -3.559478e-05   1.620817e-04      -33.16285       1.715167      0.2401076     0.01197063            33.16285            1.715167    7        20          2.25
9           162.25        9.868044  -1.081120e-04   2.594277e-04             NA             NA             NA             NA                  NA                  NA    7        20          2.25
10          110.50        2.868614   8.266722e-05   7.091222e-05             NA             NA             NA             NA                  NA                  NA    7        20          2.25
11            1.00        0.000000             NA             NA             NA             NA             NA             NA                  NA                  NA    7        20          2.25
12          190.35        7.061487  -3.373013e-05   1.038553e-04             NA             NA             NA             NA                  NA                  NA    7        20          2.25
