Host: erc-hpc-comp002
MODEL=RS CASE=1 R_LIST=10 VAR_A_LIST=0.5,2.25
LABEL_POLICY=unknown MIS_TYPE=none RHO=0 LAMBDA=0 CIRG_CRITERION=IMSPE
NLOOP=20 SA_MAX=25 EM_MAX=300 K_GRID_POINTS=8 N_CORES=8
============================================================
Method comparison
MODEL=RS cases=1 label_policy=unknown misspec=none rho=0
N=2500 p=50 R=10 Var.a=0.5,2.25
nloop=20 tau=255 lambda=0 CIRG_CRITERION=IMSPE
Budgets: SA_MAX=25 EM_MAX=300 K_GRID_POINTS=8 KMEANS_NUM_INIT=1 KMEANS_MAX_ITERS=25 CPF_LAMBDA_POINTS=6 CPF_MAX_ITER=300 BLM_NSTART=5 N_CORES=8
Methods: LM, KM, OBS, CPF, BLM, CIRG
============================================================

Running case=1 R=10 Var.a=0.5
Saved: results_comparison/RS_case1_R10_vara0.5_varb0.1_lambda0_none.rds 

Running case=1 R=10 Var.a=2.25
Saved: results_comparison/RS_case1_R10_vara2.25_varb0.1_lambda0_none.rds 

Finished. Elapsed minutes: 6.123867 
Saved combined: results_comparison/RS_cases1_R10_vara0.50-2.25_varb0.1_grid_lambda0_none.rds 

   method mis_type rho  n convergence_rate MSPE_mean  MSPE_MCSE beta_MSE_mean beta_MSE_MCSE beta_SSE_mean beta_SSE_MCSE intercept_MSE_mean intercept_MSE_MCSE Var_a_hat_mean Var_a_hat_MCSE Var_b_hat_mean Var_b_hat_MCSE
1     BLM     none  NA 20                1  10.85146 0.09241677    0.01889088   0.001025799     0.9445439    0.05128994         0.05909908         0.01666731   5.532987e-05   2.571882e-07   0.0001658464   7.534528e-07
2    CIRG     none  NA 20                1  10.85150 0.09232998    0.01889284   0.001024192     0.9446420    0.05120959         0.05901964         0.01664501   4.355220e-04   2.537130e-04   0.0007765626   1.108855e-04
3     CPF     none  NA 20                1  10.85587 0.09260605    0.01891129   0.001027957     0.9455643    0.05139787         0.05840331         0.01658942   4.233924e-03   8.878914e-04   0.0014017867   8.803942e-05
4      KM     none  NA 20                1  10.85184 0.09229063    0.01889132   0.001026971     0.9445662    0.05134853         0.05912521         0.01666900   8.774944e-05   2.520425e-06   0.0004000646   7.760704e-06
5      LM     none  NA 20                1  10.85146 0.09241677    0.01889088   0.001025799     0.9445439    0.05128994         0.05909908         0.01666731   0.000000e+00   0.000000e+00             NA             NA
6     OBS     none  NA 20                1  10.85504 0.09261142    0.01889477   0.001024022     0.9447387    0.05120109         0.05903225         0.01665644   2.558582e-03   7.004981e-04   0.0019403810   6.943500e-05
7     BLM     none  NA 20                1  12.32612 0.22858105    0.01956887   0.001052049     0.9784434    0.05260247         0.25213182         0.07551340   6.273120e-05   1.034602e-06   0.0001880264   3.080848e-06
8    CIRG     none  NA 20                1  12.32636 0.22853630    0.01956786   0.001051622     0.9783928    0.05258112         0.25214864         0.07554179   2.124700e-04   4.662409e-05   0.0008408419   1.083119e-04
9     CPF     none  NA 20                1  12.33125 0.22868972    0.01957916   0.001054836     0.9789581    0.05274179         0.25121806         0.07508203   5.115278e-03   1.056298e-03   0.0015589194   8.851847e-05
10     KM     none  NA 20                1  12.32665 0.22837166    0.01956850   0.001052926     0.9784251    0.05264629         0.25220454         0.07552046   9.304798e-05   3.407701e-06   0.0004333836   1.116396e-05
11     LM     none  NA 20                1  12.32612 0.22858105    0.01956887   0.001052049     0.9784434    0.05260247         0.25213182         0.07551340   0.000000e+00   0.000000e+00             NA             NA
12    OBS     none  NA 20                1  12.33054 0.22883224    0.01957201   0.001049775     0.9786006    0.05248876         0.25197901         0.07548534   3.390901e-03   8.585930e-04   0.0021570054   9.966963e-05
   Var_e_hat_mean Var_e_hat_MCSE Var_a_MSE_mean Var_a_MSE_MCSE Var_b_MSE_mean Var_b_MSE_MCSE Var_e_MSE_mean Var_e_MSE_MCSE   G_MSE_mean   G_MSE_MCSE selected_K_mean selected_K_MCSE runtime_mean runtime_MCSE
1        10.77193     0.05007637      0.2499447   2.571596e-07    0.009966858   1.504391e-07       3.187366      0.1845160 0.0002876923 2.990606e-09            1.00       0.0000000      0.32115 0.0021266170
2        10.76205     0.05038103      0.2495659   2.523887e-04    0.009845524   2.193736e-05       3.153055      0.1843794 0.0002852142 4.704187e-07            3.45       0.3871284     30.17970 2.5631930006
3        10.74922     0.05015259      0.2457990   8.783464e-04    0.009721755   1.735262e-05       3.107574      0.1821951 0.0002813867 5.290875e-07            7.80       0.2247806      1.59955 0.0555806893
4        10.76941     0.05009567      0.2499123   2.519967e-06    0.009920148   1.545839e-06       3.178480      0.1843762 0.0002867819 2.918387e-08            2.00       0.0000000     26.72945 0.9343754218
5        10.76911     0.05006328      0.2500000   0.000000e+00             NA             NA       3.177365      0.1841844           NA           NA            1.00       0.0000000      0.01260 0.0001337712
6        10.74163     0.04981378      0.2474573   6.941128e-04    0.009615780   1.362141e-05       3.080407      0.1801299 0.0002799870 4.240651e-07           10.00       0.0000000      2.08630 0.0431821174
7        12.21283     0.20133276      5.0622177   4.655573e-06    0.009962430   6.149693e-07      11.092428      1.4838946 0.0021377698 1.361142e-08            1.00       0.0000000      0.32400 0.0040788285
8        12.20210     0.20111063      5.0615440   2.097725e-04    0.009832762   2.142744e-05      11.021890      1.4726462 0.0021350181 4.519530e-07            3.40       0.3656285     30.73880 2.5908423773
9        12.18697     0.20125075      5.0395286   4.740309e-03    0.009690795   1.738137e-05      10.926331      1.4731854 0.0021238248 1.961002e-06            7.85       0.2086927      1.64735 0.0631069800
10       12.20976     0.20126126      5.0620813   1.533396e-05    0.009913513   2.222510e-06      11.072206      1.4818818 0.0021367770 3.959094e-08            2.00       0.0000000     26.67485 0.8752863239
11       12.20963     0.20128010      5.0625000   0.000000e+00             NA             NA      11.071512      1.4821823           NA           NA            1.00       0.0000000      0.01275 0.0001428101
12       12.17816     0.20077119      5.0472665   3.854906e-03    0.009573440   1.950057e-05      10.866552      1.4661553 0.0021245438 1.583439e-06           10.00       0.0000000      2.06540 0.0448184290
   iterations_mean iterations_MCSE group_ARI_mean group_ARI_MCSE objective_mean objective_MCSE I_optimal_mean I_optimal_MCSE IMSPE_selected_mean IMSPE_selected_MCSE case R_setting Var_a_setting
1            26.00       0.0000000   0.000000e+00   0.0000000000             NA             NA             NA             NA                  NA                  NA    1        10          0.50
2            71.40       7.8597576  -7.740524e-05   0.0001228149      -10.84476      0.0505267     0.07786958   0.0004035714            10.84476           0.0505267    1        10          0.50
3           122.80       4.0220445   2.188838e-06   0.0002401369             NA             NA             NA             NA                  NA                  NA    1        10          0.50
4            40.40       0.5591347  -2.820349e-05   0.0001099564             NA             NA             NA             NA                  NA                  NA    1        10          0.50
5             1.00       0.0000000             NA             NA             NA             NA             NA             NA                  NA                  NA    1        10          0.50
6           145.80       2.7697615  -2.519361e-04   0.0001109870             NA             NA             NA             NA                  NA                  NA    1        10          0.50
7            26.00       0.0000000   0.000000e+00   0.0000000000             NA             NA             NA             NA                  NA                  NA    1        10          2.25
8            74.00       7.3574166  -1.622670e-05   0.0001192678      -12.29519      0.2026292     0.08812851   0.0014977155            12.29519           0.2026292    1        10          2.25
9           126.65       3.8643274   5.785537e-07   0.0001871681             NA             NA             NA             NA                  NA                  NA    1        10          2.25
10           43.35       0.8592377  -2.820349e-05   0.0001099564             NA             NA             NA             NA                  NA                  NA    1        10          2.25
11            1.00       0.0000000             NA             NA             NA             NA             NA             NA                  NA                  NA    1        10          2.25
12          154.15       3.1155594  -2.519361e-04   0.0001109870             NA             NA             NA             NA                  NA                  NA    1        10          2.25
