Host: erc-hpc-comp010
MODEL=RI CASE=7 R_LIST=50 VAR_A_LIST=0.5,2.25
LABEL_POLICY=unknown MIS_TYPE=none RHO=0 LAMBDA=0 CIRG_CRITERION=IMSPE
NLOOP=20 SA_MAX=25 EM_MAX=300 K_GRID_POINTS=8 N_CORES=8
============================================================
Method comparison
MODEL=RI cases=7 label_policy=unknown misspec=none rho=0
N=2500 p=50 R=50 Var.a=0.5,2.25
nloop=20 tau=255 lambda=0 CIRG_CRITERION=IMSPE
Budgets: SA_MAX=25 EM_MAX=300 K_GRID_POINTS=8 KMEANS_NUM_INIT=1 KMEANS_MAX_ITERS=25 CPF_LAMBDA_POINTS=6 CPF_MAX_ITER=300 BLM_NSTART=5 N_CORES=8
Methods: LM, KM, OBS, CPF, BLM, CIRG
============================================================

Running case=7 R=50 Var.a=0.5
Saved: results_comparison/RI_case7_R50_vara0.5_lambda0_none.rds 

Running case=7 R=50 Var.a=2.25
Saved: results_comparison/RI_case7_R50_vara2.25_lambda0_none.rds 

Finished. Elapsed minutes: 6.804333 
Saved combined: results_comparison/RI_cases7_R50_vara0.50-2.25_grid_lambda0_none.rds 

   method mis_type rho  n convergence_rate MSPE_mean  MSPE_MCSE beta_MSE_mean beta_MSE_MCSE beta_SSE_mean beta_SSE_MCSE intercept_MSE_mean intercept_MSE_MCSE Var_a_hat_mean Var_a_hat_MCSE Var_b_hat_mean Var_b_hat_MCSE
1     BLM     none  NA 20                1  9.486199 0.05240509   0.001296949  3.292273e-05    0.06484743   0.001646137         0.01719958        0.005161820   0.0645517132   4.306714e-03             NA             NA
2    CIRG     none  NA 20                1  9.444455 0.05222824   0.001279428  3.276009e-05    0.06397138   0.001638005         0.01536791        0.004984006   0.0014653263   1.001209e-03             NA             NA
3     CPF     none  NA 20                1  9.459737 0.05256334   0.001284831  3.310760e-05    0.06424155   0.001655380         0.05316102        0.019432216   0.1202638703   1.251290e-02             NA             NA
4      KM     none  NA 20                1  9.444144 0.05219773   0.001283334  3.214260e-05    0.06416670   0.001607130         0.01541372        0.004988874   0.0001470189   4.800776e-07             NA             NA
5      LM     none  NA 20                1  9.444144 0.05219773   0.001283334  3.214254e-05    0.06416670   0.001607127         0.01541372        0.004988880   0.0000000000   0.000000e+00             NA             NA
6     OBS     none  NA 20                1  9.444570 0.05207957   0.001284155  3.224909e-05    0.06420773   0.001612455         0.01541293        0.004988551   0.0071748824   1.609056e-03             NA             NA
7     BLM     none  NA 20                1 11.051919 0.11113845   0.001499972  4.788055e-05    0.07499862   0.002394027         0.06936253        0.022323677   0.0748961504   4.691759e-03             NA             NA
8    CIRG     none  NA 20                1 11.005849 0.10899443   0.001478561  4.783506e-05    0.07392805   0.002391753         0.06782749        0.023321213   0.0018861876   1.249228e-03             NA             NA
9     CPF     none  NA 20                1 11.025371 0.11028587   0.001490008  4.853899e-05    0.07450041   0.002426949         0.15907471        0.054659479   0.1417515484   1.151571e-02             NA             NA
10     KM     none  NA 20                1 11.005441 0.10907689   0.001483903  4.707072e-05    0.07419517   0.002353536         0.06790619        0.023325630   0.0001612399   1.062165e-06             NA             NA
11     LM     none  NA 20                1 11.005441 0.10907695   0.001483903  4.707067e-05    0.07419516   0.002353533         0.06790620        0.023325646   0.0000000000   0.000000e+00             NA             NA
12    OBS     none  NA 20                1 11.005972 0.10907526   0.001485010  4.733194e-05    0.07425052   0.002366597         0.06790383        0.023324895   0.0079411073   1.664465e-03             NA             NA
   Var_e_hat_mean Var_e_hat_MCSE Var_a_MSE_mean Var_a_MSE_MCSE Var_b_MSE_mean Var_b_MSE_MCSE Var_e_MSE_mean Var_e_MSE_MCSE G_MSE_mean G_MSE_MCSE selected_K_mean selected_K_MCSE runtime_mean runtime_MCSE iterations_mean
1        9.298358     0.02929532      0.1899676   3.760777e-03             NA             NA      0.1053237     0.01869320         NA         NA            9.80       0.1169795      0.10130 0.0047821488           11.05
2        9.347078     0.03081525      0.2485559   9.825653e-04             NA             NA      0.1385050     0.02250293         NA         NA            2.65       0.3718729     14.53665 1.5624366990           20.60
3        9.326672     0.03000400      0.1471744   9.085250e-03             NA             NA      0.1238194     0.02088857         NA         NA            4.75       0.3393104      0.34075 0.0090271156           14.95
4        9.348097     0.03054985      0.2498530   4.799364e-07             NA             NA      0.1389042     0.02245452         NA         NA            2.00       0.0000000     54.11470 3.9398938732           17.00
5        9.347951     0.03054936      0.2500000   0.000000e+00             NA             NA      0.1388017     0.02244544         NA         NA            1.00       0.0000000      0.01660 0.0002224268            1.00
6        9.341171     0.03019599      0.2429258   1.570563e-03             NA             NA      0.1337220     0.02175602         NA         NA           50.00       0.0000000      0.95485 0.0626495800          144.10
7       10.828142     0.10412640      4.7314950   2.042901e-02             NA             NA      3.5481066     0.39653299         NA         NA            9.90       0.1000000      0.11030 0.0030600138           11.55
8       10.884403     0.10646384      5.0540454   5.593165e-03             NA             NA      3.7663321     0.41603174         NA         NA            3.20       0.6349472     15.59665 1.5847705766           25.30
9       10.858727     0.10522133      4.4472312   4.852540e-02             NA             NA      3.6652238     0.40775998         NA         NA            4.65       0.3718729      0.35165 0.0062189333           13.05
10      10.885720     0.10598687      5.0617744   4.779399e-06             NA             NA      3.7693692     0.41522866         NA         NA            2.00       0.0000000     59.32490 4.3522885274           18.05
11      10.885559     0.10598588      5.0625000   0.000000e+00             NA             NA      3.7687598     0.41519115         NA         NA            1.00       0.0000000      0.01640 0.0001337712            1.00
12      10.878037     0.10551829      5.0268807   7.448783e-03             NA             NA      3.7385717     0.41203699         NA         NA           50.00       0.0000000      1.13055 0.0703154350          153.75
   iterations_MCSE group_ARI_mean group_ARI_MCSE objective_mean objective_MCSE I_optimal_mean I_optimal_MCSE IMSPE_selected_mean IMSPE_selected_MCSE case R_setting Var_a_setting
1       0.39386746  -1.188855e-04   1.005091e-04             NA             NA             NA             NA                  NA                  NA    7        50          0.50
2       2.92574777  -6.798867e-05   4.817947e-05      -9.411494     0.03093947     0.06472105   0.0003212886            9.411494          0.03093947    7        50          0.50
3       1.22576507   4.447047e-05   7.663953e-05             NA             NA             NA             NA                  NA                  NA    7        50          0.50
4       0.00000000  -3.592463e-05   3.417740e-05             NA             NA             NA             NA                  NA                  NA    7        50          0.50
5       0.00000000             NA             NA             NA             NA             NA             NA                  NA                  NA    7        50          0.50
6       9.46097247  -1.043958e-04   1.635189e-04             NA             NA             NA             NA                  NA                  NA    7        50          0.50
7       0.44411355   1.484859e-04   1.252958e-04             NA             NA             NA             NA                  NA                  NA    7        50          2.25
8       4.76726778  -5.399166e-05   4.962833e-05     -10.959454     0.10704836     0.07541764   0.0006139835           10.959454          0.10704836    7        50          2.25
9       0.71992324   9.083387e-05   8.731392e-05             NA             NA             NA             NA                  NA                  NA    7        50          2.25
10      0.08810878  -3.592463e-05   3.417740e-05             NA             NA             NA             NA                  NA                  NA    7        50          2.25
11      0.00000000             NA             NA             NA             NA             NA             NA                  NA                  NA    7        50          2.25
12      9.55121238  -1.043958e-04   1.635189e-04             NA             NA             NA             NA                  NA                  NA    7        50          2.25
