Host: erc-hpc-comp189
MODEL=RI CASE=5 R_LIST=50 VAR_A_LIST=0.5,2.25
LABEL_POLICY=unknown MIS_TYPE=none RHO=0 LAMBDA=0 CIRG_CRITERION=IMSPE
NLOOP=20 SA_MAX=25 EM_MAX=300 K_GRID_POINTS=8 N_CORES=8
============================================================
Method comparison
MODEL=RI cases=5 label_policy=unknown misspec=none rho=0
N=2500 p=50 R=50 Var.a=0.5,2.25
nloop=20 tau=255 lambda=0 CIRG_CRITERION=IMSPE
Budgets: SA_MAX=25 EM_MAX=300 K_GRID_POINTS=8 KMEANS_NUM_INIT=1 KMEANS_MAX_ITERS=25 CPF_LAMBDA_POINTS=6 CPF_MAX_ITER=300 BLM_NSTART=5 N_CORES=8
Methods: LM, KM, OBS, CPF, BLM, CIRG
============================================================

Running case=5 R=50 Var.a=0.5
Saved: results_comparison/RI_case5_R50_vara0.5_lambda0_none.rds 

Running case=5 R=50 Var.a=2.25
Saved: results_comparison/RI_case5_R50_vara2.25_lambda0_none.rds 

Finished. Elapsed minutes: 11.09698 
Saved combined: results_comparison/RI_cases5_R50_vara0.50-2.25_grid_lambda0_none.rds 

   method mis_type rho  n convergence_rate MSPE_mean  MSPE_MCSE beta_MSE_mean beta_MSE_MCSE beta_SSE_mean beta_SSE_MCSE intercept_MSE_mean intercept_MSE_MCSE Var_a_hat_mean Var_a_hat_MCSE Var_b_hat_mean Var_b_hat_MCSE
1     BLM     none  NA 20                1  9.483601 0.05115953  0.0009923230  4.061865e-05    0.04961615   0.002030933         0.01769466        0.005517390   0.0641346155   0.0042323062             NA             NA
2    CIRG     none  NA 20                1  9.442328 0.05068950  0.0009948807  3.980098e-05    0.04974404   0.001990049         0.01576423        0.005112223   0.0008290775   0.0005979354             NA             NA
3     CPF     none  NA 20                1  9.454351 0.05132794  0.0009919003  4.119701e-05    0.04959502   0.002059850         0.05666955        0.019075513   0.1181109289   0.0120708085             NA             NA
4      KM     none  NA 20                1  9.442705 0.05063404  0.0009955739  3.968152e-05    0.04977869   0.001984076         0.01577415        0.005111932   0.0008084880   0.0006296628             NA             NA
5      LM     none  NA 20                1  9.442625 0.05065603  0.0009919462  4.081369e-05    0.04959731   0.002040685         0.01578234        0.005111618   0.0000000000   0.0000000000             NA             NA
6     OBS     none  NA 20                1  9.443020 0.05057605  0.0009916803  4.079828e-05    0.04958402   0.002039914         0.01578251        0.005111745   0.0069245386   0.0016192948             NA             NA
7     BLM     none  NA 20                1 11.055826 0.10999339  0.0011559822  4.208378e-05    0.05779911   0.002104189         0.07500092        0.024047026   0.0736392257   0.0050842578             NA             NA
8    CIRG     none  NA 20                1 11.011785 0.10815561  0.0011618515  4.239721e-05    0.05809257   0.002119861         0.06867635        0.023609727   0.0012698428   0.0010206854             NA             NA
9     CPF     none  NA 20                1 11.028027 0.11008494  0.0011551559  4.318780e-05    0.05775779   0.002159390         0.15745433        0.054168492   0.1340841033   0.0120369719             NA             NA
10     KM     none  NA 20                1 11.011610 0.10814105  0.0011617273  4.245107e-05    0.05808637   0.002122554         0.06867736        0.023609514   0.0012191744   0.0010231361             NA             NA
11     LM     none  NA 20                1 11.011539 0.10815148  0.0011568100  4.294413e-05    0.05784050   0.002147206         0.06871310        0.023606762   0.0000000000   0.0000000000             NA             NA
12    OBS     none  NA 20                1 11.012008 0.10812163  0.0011561017  4.280042e-05    0.05780508   0.002140021         0.06871436        0.023606838   0.0074348454   0.0016015534             NA             NA
   Var_e_hat_mean Var_e_hat_MCSE Var_a_MSE_mean Var_a_MSE_MCSE Var_b_MSE_mean Var_b_MSE_MCSE Var_e_MSE_mean Var_e_MSE_MCSE G_MSE_mean G_MSE_MCSE selected_K_mean selected_K_MCSE runtime_mean runtime_MCSE iterations_mean
1        9.302277     0.02893367      0.1903190   0.0036911081             NA             NA      0.1072771     0.01892223         NA         NA            9.75      0.09933993      0.12525 0.0039575876           11.60
2        9.350637     0.03012283      0.2491784   0.0005905285             NA             NA      0.1401867     0.02245595         NA         NA            2.65      0.24360235     21.78130 4.7351830360           27.25
3        9.332047     0.03006086      0.1486076   0.0088088539             NA             NA      0.1274248     0.02120655         NA         NA            4.50      0.34412360      0.39345 0.0082966306           14.40
4        9.350776     0.03011222      0.2491997   0.0006215164             NA             NA      0.1402718     0.02245092         NA         NA            2.00      0.00000000     83.68655 6.2349994266           22.90
5        9.350986     0.03009065      0.2500000   0.0000000000             NA             NA      0.1403947     0.02242478         NA         NA            1.00      0.00000000      0.02135 0.0009127028            1.00
6        9.344483     0.02987834      0.2431732   0.0015808953             NA             NA      0.1356300     0.02189674         NA         NA           50.00      0.00000000      1.23505 0.0779100857          143.20
7       10.832040     0.10451972      4.7370374   0.0221026831             NA             NA      3.5639330     0.39920988         NA         NA            9.80      0.09176629      0.12950 0.0034667594           11.60
8       10.887914     0.10617628      5.0568071   0.0045717636             NA             NA      3.7784152     0.41695016         NA         NA            2.55      0.25623797     22.73250 4.9135748073           29.15
9       10.864702     0.10560442      4.4798530   0.0507580508             NA             NA      3.6890069     0.41003830         NA         NA            4.40      0.30262014      0.40295 0.0080545754           13.10
10      10.887961     0.10618178      5.0570351   0.0045827857             NA             NA      3.7786145     0.41699098         NA         NA            2.00      0.00000000     85.05630 6.2121078117           23.85
11      10.888320     0.10620157      5.0625000   0.0000000000             NA             NA      3.7800475     0.41699505         NA         NA            1.00      0.00000000      0.02410 0.0008268520            1.00
12      10.881330     0.10590181      5.0291472   0.0071700200             NA             NA      3.7524896     0.41464907         NA         NA           50.00      0.00000000      1.38280 0.0833324540          155.85
   iterations_MCSE group_ARI_mean group_ARI_MCSE objective_mean objective_MCSE I_optimal_mean I_optimal_MCSE IMSPE_selected_mean IMSPE_selected_MCSE case R_setting Var_a_setting
1        0.4255028  -4.897185e-05   9.443297e-05             NA             NA             NA             NA                  NA                  NA    5        50          0.50
2        4.6791109  -1.040766e-04   5.947431e-05      -9.414809     0.03032037     0.06439727   0.0003200095            9.414809          0.03032037    5        50          0.50
3        0.7927301   5.277357e-05   7.161670e-05             NA             NA             NA             NA                  NA                  NA    5        50          0.50
4        4.2033195  -1.452724e-06   4.159276e-05             NA             NA             NA             NA                  NA                  NA    5        50          0.50
5        0.0000000             NA             NA             NA             NA             NA             NA                  NA                  NA    5        50          0.50
6        9.1036719  -1.043958e-04   1.635189e-04             NA             NA             NA             NA                  NA                  NA    5        50          0.50
7        0.4436689  -7.056252e-06   1.243258e-04             NA             NA             NA             NA                  NA                  NA    5        50          2.25
8        4.6312866  -9.387093e-05   6.163938e-05     -10.962558     0.10691557     0.07528787   0.0009708521           10.962558          0.10691557    5        50          2.25
9        0.9202402   1.449387e-05   6.744746e-05             NA             NA             NA             NA                  NA                  NA    5        50          2.25
10       4.2197998  -1.452724e-06   4.159276e-05             NA             NA             NA             NA                  NA                  NA    5        50          2.25
11       0.0000000             NA             NA             NA             NA             NA             NA                  NA                  NA    5        50          2.25
12       9.6592674  -1.043958e-04   1.635189e-04             NA             NA             NA             NA                  NA                  NA    5        50          2.25
