Host: erc-hpc-comp028
MODEL=RS CASE=5 R_LIST=20 VAR_A_LIST=0.5,2.25
LABEL_POLICY=unknown MIS_TYPE=none RHO=0 LAMBDA=0 CIRG_CRITERION=IMSPE
NLOOP=20 SA_MAX=25 EM_MAX=300 K_GRID_POINTS=8 N_CORES=8
============================================================
Method comparison
MODEL=RS cases=5 label_policy=unknown misspec=none rho=0
N=2500 p=50 R=20 Var.a=0.5,2.25
nloop=20 tau=255 lambda=0 CIRG_CRITERION=IMSPE
Budgets: SA_MAX=25 EM_MAX=300 K_GRID_POINTS=8 KMEANS_NUM_INIT=1 KMEANS_MAX_ITERS=25 CPF_LAMBDA_POINTS=6 CPF_MAX_ITER=300 BLM_NSTART=5 N_CORES=8
Methods: LM, KM, OBS, CPF, BLM, CIRG
============================================================

Running case=5 R=20 Var.a=0.5
Saved: results_comparison/RS_case5_R20_vara0.5_varb0.1_lambda0_none.rds 

Running case=5 R=20 Var.a=2.25
Saved: results_comparison/RS_case5_R20_vara2.25_varb0.1_lambda0_none.rds 

Finished. Elapsed minutes: 12.04653 
Saved combined: results_comparison/RS_cases5_R20_vara0.50-2.25_varb0.1_grid_lambda0_none.rds 

   method mis_type rho  n convergence_rate MSPE_mean MSPE_MCSE beta_MSE_mean beta_MSE_MCSE beta_SSE_mean beta_SSE_MCSE intercept_MSE_mean intercept_MSE_MCSE Var_a_hat_mean Var_a_hat_MCSE Var_b_hat_mean Var_b_hat_MCSE
1     BLM     none  NA 20                1  15.27266 0.1028186   0.008691517  0.0003461437     0.4345759    0.01730718         0.03826963        0.009259692   7.785908e-05   4.543815e-07   6.224715e-05   3.726088e-07
2    CIRG     none  NA 20                1  15.27334 0.1028001   0.008718942  0.0003492603     0.4359471    0.01746301         0.03813065        0.009260786   1.997893e-03   1.391241e-03   2.816345e-04   3.108343e-05
3     CPF     none  NA 20                1  15.28064 0.1038351   0.008689604  0.0003437084     0.4344802    0.01718542         0.03688005        0.009155227   1.527126e-02   2.538323e-03   7.674528e-04   4.188406e-05
4      KM     none  NA 20                1  15.27377 0.1028406   0.008715764  0.0003489407     0.4357882    0.01744704         0.03818698        0.009213945   1.998251e-03   1.391221e-03   2.072306e-04   9.858867e-06
5      LM     none  NA 20                1  15.27266 0.1028186   0.008691517  0.0003461437     0.4345759    0.01730718         0.03826963        0.009259692   0.000000e+00   0.000000e+00             NA             NA
6     OBS     none  NA 20                1  15.27585 0.1030668   0.008692519  0.0003465072     0.4346259    0.01732536         0.03833308        0.009278741   4.226431e-03   1.316446e-03   1.322045e-03   7.025946e-05
7     BLM     none  NA 20                1  16.93135 0.1718218   0.008855291  0.0003575922     0.4427645    0.01787961         0.15734160        0.039404122   8.598859e-05   8.527556e-07   6.874646e-05   6.865378e-07
8    CIRG     none  NA 20                1  16.93190 0.1718033   0.008871513  0.0003627881     0.4435757    0.01813940         0.15707682        0.039427741   1.308771e-03   1.079715e-03   2.956905e-04   3.323823e-05
9     CPF     none  NA 20                1  16.93836 0.1713474   0.008853862  0.0003555071     0.4426931    0.01777535         0.15710794        0.039229377   1.637188e-02   2.665039e-03   8.458320e-04   5.877849e-05
10     KM     none  NA 20                1  16.93256 0.1717888   0.008868951  0.0003626653     0.4434475    0.01813327         0.15713358        0.039278140   1.306731e-03   1.079833e-03   2.169624e-04   1.130503e-05
11     LM     none  NA 20                1  16.93135 0.1718218   0.008855291  0.0003575922     0.4427645    0.01787961         0.15734160        0.039404122   0.000000e+00   0.000000e+00             NA             NA
12    OBS     none  NA 20                1  16.93430 0.1718303   0.008853896  0.0003580477     0.4426948    0.01790239         0.15741807        0.039436906   4.257376e-03   1.158995e-03   1.437680e-03   6.763478e-05
   Var_e_hat_mean Var_e_hat_MCSE Var_a_MSE_mean Var_a_MSE_MCSE Var_b_MSE_mean Var_b_MSE_MCSE Var_e_MSE_mean Var_e_MSE_MCSE   G_MSE_mean   G_MSE_MCSE selected_K_mean selected_K_MCSE runtime_mean runtime_MCSE
1        15.15686     0.08845573      0.2499221   4.543105e-07    0.009987554   7.447513e-08       38.05565       1.097993 0.0002880815 1.605204e-09            1.00       0.0000000      0.37690  0.015092156
2        15.14613     0.08781464      0.2480429   1.355750e-03    0.009943771   6.194895e-06       37.92140       1.088252 0.0002865173 5.104228e-07            2.75       0.3314641     25.51960  2.080987886
3        15.10401     0.08731308      0.2350844   2.447387e-03    0.009847132   8.304471e-06       37.40374       1.072821 0.0002796774 9.792430e-07           12.00       0.3324550      2.25900  0.095450786
4        15.15172     0.08849683      0.2480425   1.355729e-03    0.009958599   1.968120e-06       37.99248       1.097257 0.0002868022 5.179731e-07            2.00       0.0000000     83.09865  5.802771418
5        15.15290     0.08843258      0.2500000   0.000000e+00             NA             NA       38.00672       1.097002           NA           NA            1.00       0.0000000      0.01640  0.001627720
6        15.07650     0.08907609      0.2458244   1.292781e-03    0.009737433   1.383446e-05       37.07465       1.092644 0.0002816978 6.448509e-07           20.00       0.0000000      5.03575  0.364751926
7        16.73940     0.16580156      5.0621131   3.837253e-06    0.009986255   1.372128e-07       60.42063       2.594103 0.0021381876 4.110410e-09            1.00       0.0000000      0.34970  0.014056484
8        16.72866     0.16561301      5.0566344   4.834921e-03    0.009940970   6.623508e-06       60.25333       2.590136 0.0021352107 1.845896e-06            2.75       0.3314641     25.93255  2.280780843
9        16.68149     0.16509969      4.9892295   1.189209e-02    0.009831615   1.164370e-05       59.52319       2.568969 0.0021071935 4.650961e-06           11.85       0.3718729      2.27890  0.131385469
10       16.73442     0.16586379      5.0566436   4.835452e-03    0.009956657   2.256801e-06       60.34390       2.593831 0.0021355157 1.858502e-06            2.00       0.0000000     81.83815  5.640601338
11       16.73502     0.16575815      5.0625000   0.000000e+00             NA             NA       60.35254       2.591965           NA           NA            1.00       0.0000000      0.01755  0.001798355
12       16.65254     0.16704556      5.0433855   5.198140e-03    0.009714618   1.330309e-05       59.09148       2.588968 0.0021257656 2.106329e-06           20.00       0.0000000      5.92735  0.428574542
   iterations_mean iterations_MCSE group_ARI_mean group_ARI_MCSE objective_mean objective_MCSE I_optimal_mean I_optimal_MCSE IMSPE_selected_mean IMSPE_selected_MCSE case R_setting Var_a_setting
1            26.00        0.000000   0.000000e+00   0.000000e+00             NA             NA             NA             NA                  NA                  NA    5        20          0.50
2            47.05        6.579664  -2.134138e-05   9.567291e-05      -15.26023     0.08889754      0.1116555    0.000912001            15.26023          0.08889754    5        20          0.50
3           152.20        5.863177   6.143790e-05   2.192428e-04             NA             NA             NA             NA                  NA                  NA    5        20          0.50
4            32.35        1.997729   1.185928e-06   7.245106e-05             NA             NA             NA             NA                  NA                  NA    5        20          0.50
5             1.00        0.000000             NA             NA             NA             NA             NA             NA                  NA                  NA    5        20          0.50
6           253.00        3.700640  -3.373013e-05   1.038553e-04             NA             NA             NA             NA                  NA                  NA    5        20          0.50
7            26.00        0.000000   0.000000e+00   0.000000e+00             NA             NA             NA             NA                  NA                  NA    5        20          2.25
8            49.15        6.965432  -2.134138e-05   9.567291e-05      -16.85410     0.16685259      0.1223994    0.001314159            16.85410          0.16685259    5        20          2.25
9           154.85        6.983919  -1.205441e-04   2.861717e-04             NA             NA             NA             NA                  NA                  NA    5        20          2.25
10           35.25        3.985417   1.185928e-06   7.245106e-05             NA             NA             NA             NA                  NA                  NA    5        20          2.25
11            1.00        0.000000             NA             NA             NA             NA             NA             NA                  NA                  NA    5        20          2.25
12          254.00        3.789181  -3.373013e-05   1.038553e-04             NA             NA             NA             NA                  NA                  NA    5        20          2.25
