Host: erc-hpc-comp002
MODEL=RS CASE=1 R_LIST=20 VAR_A_LIST=0.5,2.25
LABEL_POLICY=unknown MIS_TYPE=none RHO=0 LAMBDA=0 CIRG_CRITERION=IMSPE
NLOOP=20 SA_MAX=25 EM_MAX=300 K_GRID_POINTS=8 N_CORES=8
============================================================
Method comparison
MODEL=RS cases=1 label_policy=unknown misspec=none rho=0
N=2500 p=50 R=20 Var.a=0.5,2.25
nloop=20 tau=255 lambda=0 CIRG_CRITERION=IMSPE
Budgets: SA_MAX=25 EM_MAX=300 K_GRID_POINTS=8 KMEANS_NUM_INIT=1 KMEANS_MAX_ITERS=25 CPF_LAMBDA_POINTS=6 CPF_MAX_ITER=300 BLM_NSTART=5 N_CORES=8
Methods: LM, KM, OBS, CPF, BLM, CIRG
============================================================

Running case=1 R=20 Var.a=0.5
Saved: results_comparison/RS_case1_R20_vara0.5_varb0.1_lambda0_none.rds 

Running case=1 R=20 Var.a=2.25
Saved: results_comparison/RS_case1_R20_vara2.25_varb0.1_lambda0_none.rds 

Finished. Elapsed minutes: 7.025633 
Saved combined: results_comparison/RS_cases1_R20_vara0.50-2.25_varb0.1_grid_lambda0_none.rds 

   method mis_type rho  n convergence_rate MSPE_mean  MSPE_MCSE beta_MSE_mean beta_MSE_MCSE beta_SSE_mean beta_SSE_MCSE intercept_MSE_mean intercept_MSE_MCSE Var_a_hat_mean Var_a_hat_MCSE Var_b_hat_mean Var_b_hat_MCSE
1     BLM     none  NA 20             1.00  11.02417 0.06880377    0.01193378  0.0005345772     0.5966888    0.02672886         0.03829209        0.009056148   5.616207e-05   2.217391e-07   0.0001683637   6.583192e-07
2    CIRG     none  NA 20             1.00  11.02605 0.06866189    0.01193334  0.0005309410     0.5966668    0.02654705         0.03838130        0.009112858   2.108364e-03   1.142147e-03   0.0006113732   7.154517e-05
3     CPF     none  NA 20             1.00  11.03162 0.06788358    0.01190407  0.0005407733     0.5952036    0.02703867         0.03898523        0.009479642   9.998188e-03   2.098496e-03   0.0019586271   1.028750e-04
4      KM     none  NA 20             1.00  11.02540 0.06871446    0.01189952  0.0005291955     0.5949758    0.02645978         0.03832363        0.009087418   5.437151e-04   4.430028e-04   0.0003950120   1.228461e-05
5      LM     none  NA 20             1.00  11.02417 0.06880377    0.01193378  0.0005345772     0.5966888    0.02672886         0.03829209        0.009056148   0.000000e+00   0.000000e+00             NA             NA
6     OBS     none  NA 20             1.00  11.02521 0.06811339    0.01191394  0.0005343490     0.5956970    0.02671745         0.03826000        0.009058906   3.576421e-03   1.144105e-03   0.0033435663   1.349943e-04
7     BLM     none  NA 20             1.00  12.67183 0.17827595    0.01251094  0.0006220763     0.6255471    0.03110381         0.15758006        0.039131071   6.434425e-05   8.052370e-07   0.0001928902   2.401821e-06
8    CIRG     none  NA 20             0.95  12.67324 0.17807715    0.01253626  0.0006237049     0.6268132    0.03118524         0.15771015        0.039220983   1.423956e-03   9.591893e-04   0.0006722285   9.520563e-05
9     CPF     none  NA 20             1.00  12.68029 0.17786200    0.01252764  0.0006279368     0.6263821    0.03139684         0.16824339        0.042316961   1.490927e-02   2.811488e-03   0.0021644214   1.643785e-04
10     KM     none  NA 20             0.95  12.67255 0.17825003    0.01250346  0.0006215227     0.6251729    0.03107614         0.15768349        0.039202853   1.390366e-04   3.112734e-05   0.0004060531   2.157308e-05
11     LM     none  NA 20             1.00  12.67183 0.17827595    0.01251094  0.0006220763     0.6255471    0.03110381         0.15758006        0.039131071   0.000000e+00   0.000000e+00             NA             NA
12    OBS     none  NA 20             1.00  12.67303 0.17750073    0.01248856  0.0006220840     0.6244282    0.03110420         0.15755902        0.039138357   4.359914e-03   1.332148e-03   0.0038576951   1.967086e-04
   Var_e_hat_mean Var_e_hat_MCSE Var_a_MSE_mean Var_a_MSE_MCSE Var_b_MSE_mean Var_b_MSE_MCSE Var_e_MSE_mean Var_e_MSE_MCSE   G_MSE_mean   G_MSE_MCSE selected_K_mean selected_K_MCSE runtime_mean runtime_MCSE
1        10.93418     0.04315560      0.2499438   2.217142e-07    0.009966356   1.314419e-07       3.776445      0.1689455 0.0002876823 2.611737e-09            1.00       0.0000000      0.32945 0.0028073916
2        10.92632     0.04356862      0.2479209   1.121235e-03    0.009878196   1.419446e-05       3.746779      0.1697565 0.0002852098 6.319235e-07            2.95       0.3201562     31.62680 2.6941231721
3        10.89769     0.04342349      0.2401854   2.043997e-03    0.009612312   2.013343e-05       3.637035      0.1669564 0.0002771246 1.025035e-06           11.60       0.3797506      2.34300 0.1304501518
4        10.93129     0.04322333      0.2494603   4.389903e-04    0.009921157   2.448220e-06       3.765388      0.1689402 0.0002866275 1.707720e-07            2.00       0.0000000     29.46250 1.5549826882
5        10.93132     0.04314431      0.2500000   0.000000e+00             NA             NA       3.765373      0.1686544           NA           NA            1.00       0.0000000      0.01335 0.0007789163
6        10.88039     0.04294042      0.2464612   1.128485e-03    0.009342812   2.606482e-05       3.570903      0.1632963 0.0002743567 5.918777e-07           20.00       0.0000000      4.16205 0.2306691921
7        12.52718     0.15678527      5.0622105   3.623462e-06    0.009961459   4.794301e-07      12.908015      1.1474321 0.0021377483 1.060899e-08            1.00       0.0000000      0.33625 0.0031093027
8        12.51829     0.15636271      5.0561117   4.298969e-03    0.009866178   1.887612e-05      12.842935      1.1406929 0.0021335719 1.821826e-06            3.15       0.3857665     35.60120 3.3020430411
9        12.48356     0.15632240      4.9957807   1.254698e-02    0.009572314   3.199501e-05      12.599506      1.1288842 0.0021047276 4.728946e-06           10.90       0.2502630      2.32270 0.0780121144
10       12.52414     0.15687245      5.0618744   1.400487e-04    0.009918963   4.302512e-06      12.887113      1.1470573 0.0021368022 3.868247e-08            2.00       0.0000000     28.57730 0.9186834691
11       12.52390     0.15674427      5.0625000   0.000000e+00             NA             NA      12.884671      1.1460995           NA           NA            1.00       0.0000000      0.01340 0.0001337712
12       12.46432     0.15534171      5.0429331   5.972599e-03    0.009244078   3.766363e-05      12.459992      1.1148358 0.0021165463 2.260095e-06           20.00       0.0000000      4.16845 0.0908183982
   iterations_mean iterations_MCSE group_ARI_mean group_ARI_MCSE objective_mean objective_MCSE I_optimal_mean I_optimal_MCSE IMSPE_selected_mean IMSPE_selected_MCSE case R_setting Var_a_setting
1            26.00        0.000000   0.000000e+00   0.000000e+00             NA             NA             NA             NA                  NA                  NA    1        20          0.50
2            59.40        4.976471   1.441969e-04   9.736290e-05      -11.00805     0.04357778     0.07931463   0.0004249297            11.00805          0.04357778    1        20          0.50
3           164.40        6.170985  -1.171795e-04   2.644193e-04             NA             NA             NA             NA                  NA                  NA    1        20          0.50
4            42.80        1.827567   2.463422e-05   7.948049e-05             NA             NA             NA             NA                  NA                  NA    1        20          0.50
5             1.00        0.000000             NA             NA             NA             NA             NA             NA                  NA                  NA    1        20          0.50
6           243.15        4.752437  -3.373013e-05   1.038553e-04             NA             NA             NA             NA                  NA                  NA    1        20          0.50
7            26.00        0.000000   0.000000e+00   0.000000e+00             NA             NA             NA             NA                  NA                  NA    1        20          2.25
8            82.25       13.683235   1.401089e-04   9.930871e-05      -12.61177     0.15791001     0.08998555   0.0011354225            12.61177          0.15791001    1        20          2.25
9           167.65        5.283676   6.954119e-05   3.060982e-04             NA             NA             NA             NA                  NA                  NA    1        20          2.25
10           57.90       12.823683   2.463422e-05   7.948049e-05             NA             NA             NA             NA                  NA                  NA    1        20          2.25
11            1.00        0.000000             NA             NA             NA             NA             NA             NA                  NA                  NA    1        20          2.25
12          251.15        3.940528  -3.373013e-05   1.038553e-04             NA             NA             NA             NA                  NA                  NA    1        20          2.25
