Host: erc-hpc-comp188
MODEL=RS CASE=16 R_LIST=20 VAR_A_LIST=0.5,2.25
LABEL_POLICY=unknown MIS_TYPE=none RHO=0 LAMBDA=0 CIRG_CRITERION=IMSPE
NLOOP=20 SA_MAX=25 EM_MAX=300 K_GRID_POINTS=8 N_CORES=8
============================================================
Method comparison
MODEL=RS cases=16 label_policy=unknown misspec=none rho=0
N=2500 p=50 R=20 Var.a=0.5,2.25
nloop=20 tau=255 lambda=0 CIRG_CRITERION=IMSPE
Budgets: SA_MAX=25 EM_MAX=300 K_GRID_POINTS=8 KMEANS_NUM_INIT=1 KMEANS_MAX_ITERS=25 CPF_LAMBDA_POINTS=6 CPF_MAX_ITER=300 BLM_NSTART=5 N_CORES=8
Methods: LM, KM, OBS, CPF, BLM, CIRG
============================================================

Running case=16 R=20 Var.a=0.5
Saved: results_comparison/RS_case16_R20_vara0.5_varb0.1_lambda0_none.rds 

Running case=16 R=20 Var.a=2.25
Saved: results_comparison/RS_case16_R20_vara2.25_varb0.1_lambda0_none.rds 

Finished. Elapsed minutes: 10.29935 
Saved combined: results_comparison/RS_cases16_R20_vara0.50-2.25_varb0.1_grid_lambda0_none.rds 

   method mis_type rho  n convergence_rate MSPE_mean MSPE_MCSE beta_MSE_mean beta_MSE_MCSE beta_SSE_mean beta_SSE_MCSE intercept_MSE_mean intercept_MSE_MCSE Var_a_hat_mean Var_a_hat_MCSE Var_b_hat_mean Var_b_hat_MCSE
1     BLM     none  NA 20                1  21.09107 0.1996650    0.03030339  0.0005765217      1.515170    0.02882608         0.03214201        0.006454766   6.737858e-05   3.240792e-07   0.0001107269   5.346322e-07
2    CIRG     none  NA 20                1  15.76984 0.1025952    0.02815305  0.0009134820      1.407653    0.04567410         0.24574520        0.025214419   5.947721e-02   1.306188e-02   0.0366872473   7.030373e-04
3     CPF     none  NA 20                1  21.09762 0.1994903    0.03031486  0.0005751602      1.515743    0.02875801         0.03114928        0.006335923   1.030633e-02   1.895064e-03   0.0014723783   8.712284e-05
4      KM     none  NA 20                1  15.78150 0.1258327    0.02592963  0.0005643306      1.296482    0.02821653         0.24422488        0.028925493   7.097988e-02   1.096604e-02   0.0342323439   6.469667e-04
5      LM     none  NA 20                1  21.09107 0.1996650    0.03030339  0.0005765217      1.515170    0.02882608         0.03214201        0.006454766   0.000000e+00   0.000000e+00             NA             NA
6     OBS     none  NA 20                1  21.09672 0.1996119    0.03031357  0.0005774148      1.515678    0.02887074         0.03211060        0.006453693   2.240971e-03   6.674860e-04   0.0023205298   1.435673e-04
7     BLM     none  NA 20                1  24.30070 0.2420623    0.03171301  0.0006065153      1.585650    0.03032576         0.01690958        0.002672589   7.181740e-05   3.450897e-07   0.0001180214   5.690151e-07
8    CIRG     none  NA 20                1  17.99725 0.1470028    0.02887783  0.0007419962      1.443892    0.03709981         0.96089039        0.057030524   1.502888e-01   2.593623e-02   0.0465757541   7.763842e-04
9     CPF     none  NA 20                1  24.30835 0.2415225    0.03173217  0.0006010160      1.586609    0.03005080         0.01796908        0.002834832   1.208725e-02   1.966217e-03   0.0013749099   5.612662e-05
10     KM     none  NA 20                1  17.80009 0.1648517    0.02847761  0.0006298990      1.423881    0.03149495         0.97615938        0.060856148   1.892699e-01   1.941619e-02   0.0450654706   8.392811e-04
11     LM     none  NA 20                1  24.30070 0.2420623    0.03171301  0.0006065153      1.585650    0.03032576         0.01690958        0.002672589   0.000000e+00   0.000000e+00             NA             NA
12    OBS     none  NA 20                1  24.30696 0.2420047    0.03172249  0.0006072141      1.586125    0.03036070         0.01695572        0.002682134   2.579566e-03   7.284282e-04   0.0024289893   1.334005e-04
   Var_e_hat_mean Var_e_hat_MCSE Var_a_MSE_mean Var_a_MSE_MCSE Var_b_MSE_mean Var_b_MSE_MCSE Var_e_MSE_mean Var_e_MSE_MCSE   G_MSE_mean   G_MSE_MCSE selected_K_mean selected_K_MCSE runtime_mean runtime_MCSE
1        12.13644     0.05738271      0.2499326   3.240357e-07    0.009977867   1.068086e-07       9.899821      0.3536900 0.0002878993 2.177141e-09            1.00       0.0000000      0.34335  0.017721720
2        10.94766     0.05750219      0.1973020   1.109642e-02    0.004017896   8.929425e-05       3.856210      0.2204956 0.0001530937 3.707569e-06            2.90       0.2800376     19.06540  1.683793779
3        12.09176     0.05693402      0.2398681   1.843271e-03    0.009707836   1.715091e-05       9.620562      0.3460175 0.0002788389 7.496973e-07           12.05       0.3515005      2.40045  0.190466815
4        11.04776     0.05686231      0.1863431   9.195396e-03    0.004333337   8.489969e-05       4.254757      0.2247644 0.0001549442 3.852430e-06            2.00       0.0000000     71.54165  7.170759090
5        12.13323     0.05736753      0.2500000   0.000000e+00             NA             NA       9.879656      0.3532299           NA           NA            1.00       0.0000000      0.01905  0.001588569
6        12.07348     0.05829108      0.2477725   6.607755e-04    0.009541671   2.786766e-05       9.510814      0.3513482 0.0002786836 6.514763e-07           20.00       0.0000000      4.75910  0.365835604
7        12.93598     0.06116335      5.0621768   1.552854e-06    0.009976410   1.136694e-07      15.563022      0.4739179 0.0021380228 2.779484e-09            1.00       0.0000000      0.33805  0.003302690
8        11.45549     0.06120809      4.4215683   1.086235e-01    0.002865603   8.198381e-05       6.100610      0.2975451 0.0017550359 4.141121e-05            2.90       0.2800376     16.89725  1.682598277
9        12.89329     0.06098581      5.0083269   8.783217e-03    0.009726968   1.107569e-05      15.228349      0.4673242 0.0021125242 3.404503e-06           12.00       0.2294157      2.31065  0.139533099
10       11.56036     0.06214973      4.2537712   8.008622e-02    0.003031186   9.172115e-05       6.628854      0.3087315 0.0016937065 3.070041e-05            2.00       0.0000000     75.73535  6.567627549
11       12.93256     0.06114717      5.0625000   0.000000e+00             NA             NA      15.536054      0.4733761           NA           NA            1.00       0.0000000      0.02160  0.001907603
12       12.87002     0.06162698      5.0509087   3.269481e-03    0.009520440   2.590961e-05      15.049185      0.4683513 0.0021249253 1.499484e-06           20.00       0.0000000      5.78965  0.461732312
   iterations_mean iterations_MCSE group_ARI_mean group_ARI_MCSE objective_mean objective_MCSE I_optimal_mean I_optimal_MCSE IMSPE_selected_mean IMSPE_selected_MCSE case R_setting Var_a_setting
1            26.00        0.000000   0.000000e+00   0.0000000000             NA             NA             NA             NA                  NA                  NA   16        20          0.50
2            30.15        6.416785   4.947200e-02   0.0023822614      -11.15059     0.05533091      0.5212984     0.03126073            11.15059          0.05533091   16        20          0.50
3           160.35        6.052088  -5.299312e-05   0.0004027292             NA             NA             NA             NA                  NA                  NA   16        20          0.50
4            14.45        2.662088   4.020951e-02   0.0006098959             NA             NA             NA             NA                  NA                  NA   16        20          0.50
5             1.00        0.000000             NA             NA             NA             NA             NA             NA                  NA                  NA   16        20          0.50
6           243.10        3.004295   9.522601e-05   0.0001164854             NA             NA             NA             NA                  NA                  NA   16        20          0.50
7            26.00        0.000000   0.000000e+00   0.0000000000             NA             NA             NA             NA                  NA                  NA   16        20          2.25
8            27.65        8.936111   4.947200e-02   0.0023822614      -11.67239     0.05980347      0.6852525     0.04856213            11.67239          0.05980347   16        20          2.25
9           157.15        4.116255   8.196757e-05   0.0003785999             NA             NA             NA             NA                  NA                  NA   16        20          2.25
10            8.90        0.597803   4.020951e-02   0.0006098959             NA             NA             NA             NA                  NA                  NA   16        20          2.25
11            1.00        0.000000             NA             NA             NA             NA             NA             NA                  NA                  NA   16        20          2.25
12          244.55        3.351728   9.522601e-05   0.0001164854             NA             NA             NA             NA                  NA                  NA   16        20          2.25
