Host: erc-hpc-comp014
MODEL=RI CASE=4 R_LIST=20 VAR_A_LIST=0.5,2.25
LABEL_POLICY=unknown MIS_TYPE=none RHO=0 LAMBDA=0 CIRG_CRITERION=IMSPE
NLOOP=20 SA_MAX=25 EM_MAX=300 K_GRID_POINTS=8 N_CORES=8
============================================================
Method comparison
MODEL=RI cases=4 label_policy=unknown misspec=none rho=0
N=2500 p=50 R=20 Var.a=0.5,2.25
nloop=20 tau=255 lambda=0 CIRG_CRITERION=IMSPE
Budgets: SA_MAX=25 EM_MAX=300 K_GRID_POINTS=8 KMEANS_NUM_INIT=1 KMEANS_MAX_ITERS=25 CPF_LAMBDA_POINTS=6 CPF_MAX_ITER=300 BLM_NSTART=5 N_CORES=8
Methods: LM, KM, OBS, CPF, BLM, CIRG
============================================================

Running case=4 R=20 Var.a=0.5
Saved: results_comparison/RI_case4_R20_vara0.5_lambda0_none.rds 

Running case=4 R=20 Var.a=2.25
Saved: results_comparison/RI_case4_R20_vara2.25_lambda0_none.rds 

Finished. Elapsed minutes: 6.087383 
Saved combined: results_comparison/RI_cases4_R20_vara0.50-2.25_grid_lambda0_none.rds 

   method mis_type rho  n convergence_rate MSPE_mean  MSPE_MCSE beta_MSE_mean beta_MSE_MCSE beta_SSE_mean beta_SSE_MCSE intercept_MSE_mean intercept_MSE_MCSE Var_a_hat_mean Var_a_hat_MCSE Var_b_hat_mean Var_b_hat_MCSE
1     BLM     none  NA 20                1  9.434829 0.06956955   0.001967693  1.023231e-04    0.09838464   0.005116155         0.02978103        0.007407933    0.017654066    0.002478503             NA             NA
2    CIRG     none  NA 20                1  9.380286 0.06522546   0.001960037  9.945614e-05    0.09800183   0.004972807         0.03009602        0.005932805    0.081735095    0.027392300             NA             NA
3     CPF     none  NA 20                1  9.428034 0.06913904   0.001967864  1.020603e-04    0.09839318   0.005103017         0.03101360        0.008695608    0.010847910    0.002035398             NA             NA
4      KM     none  NA 20                1  9.358854 0.06461434   0.001940519  9.974842e-05    0.09702596   0.004987421         0.02936728        0.006945670    0.091053009    0.026330005             NA             NA
5      LM     none  NA 20                1  9.417676 0.06853224   0.001967797  1.019669e-04    0.09838983   0.005098344         0.03070717        0.007927145    0.000000000    0.000000000             NA             NA
6     OBS     none  NA 20                1  9.420331 0.06863500   0.001968325  1.020181e-04    0.09841626   0.005100907         0.03071905        0.007939299    0.004009761    0.001418668             NA             NA
7     BLM     none  NA 20                1 10.920335 0.16844082   0.002330275  1.248758e-04    0.11651376   0.006243788         0.13879975        0.034369977    0.020874422    0.002577026             NA             NA
8    CIRG     none  NA 20                1 10.744449 0.15136747   0.002319782  1.151023e-04    0.11598911   0.005755113         0.13527552        0.027182954    0.409567610    0.112417420             NA             NA
9     CPF     none  NA 20                1 10.911968 0.16792732   0.002334591  1.252495e-04    0.11672953   0.006262473         0.13174200        0.033586794    0.013530040    0.002564078             NA             NA
10     KM     none  NA 20                1 10.618321 0.15192268   0.002244674  1.150280e-04    0.11223370   0.005751399         0.12758931        0.031154494    0.435193785    0.113700216             NA             NA
11     LM     none  NA 20                1 10.898617 0.16724902   0.002335431  1.252288e-04    0.11677157   0.006261439         0.13619671        0.035070590    0.000000000    0.000000000             NA             NA
12    OBS     none  NA 20                1 10.901673 0.16734749   0.002334719  1.251858e-04    0.11673594   0.006259288         0.13622039        0.035098122    0.004730990    0.001565083             NA             NA
   Var_e_hat_mean Var_e_hat_MCSE Var_a_MSE_mean Var_a_MSE_MCSE Var_b_MSE_mean Var_b_MSE_MCSE Var_e_MSE_mean Var_e_MSE_MCSE G_MSE_mean G_MSE_MCSE selected_K_mean selected_K_MCSE runtime_mean runtime_MCSE iterations_mean
1        9.332553     0.04028263      0.2327743    0.002359564             NA             NA      0.1414229     0.02707328         NA         NA            7.00       0.0000000      0.17505 0.0169440993           20.25
2        9.315760     0.03795580      0.1892020    0.014180171             NA             NA      0.1270765     0.02465851         NA         NA            3.15       0.3346247     13.78380 0.5248200072           12.10
3        9.337592     0.04042404      0.2393485    0.001968101             NA             NA      0.1450162     0.02763739         NA         NA           11.40       0.3195391      0.42455 0.0426374851           45.45
4        9.284102     0.03525994      0.1804098    0.013739666             NA             NA      0.1043359     0.02164888         NA         NA            5.60       0.2752989     45.93340 2.3426033656           12.55
5        9.347554     0.04033526      0.2500000    0.000000000             NA             NA      0.1517054     0.02821574         NA         NA            1.00       0.0000000      0.01905 0.0020818451            1.00
6        9.343879     0.04037437      0.2460446    0.001378802             NA             NA      0.1492245     0.02809416         NA         NA           20.00       0.0000000      0.75660 0.0702349965           82.15
7       10.810575     0.15002162      4.9691270    0.011474488             NA             NA      3.7058062     0.60743666         NA         NA            7.00       0.0000000      0.18495 0.0234056308           21.25
8       10.680509     0.13392100      3.6273072    0.269954565             NA             NA      3.1648724     0.49078773         NA         NA            3.20       0.3448875     12.62110 0.5336708275            8.65
9       10.816474     0.15014122      5.0019228    0.011433238             NA             NA      3.7278836     0.60941722         NA         NA           11.60       0.3356063      0.42010 0.0444600885           44.65
10      10.551478     0.13396143      3.5391486    0.281281431             NA             NA      2.7480516     0.48135057         NA         NA            5.60       0.2752989     45.89375 2.2798898079            7.85
11      10.828581     0.15024771      5.0625000    0.000000000             NA             NA      3.7726229     0.61419865         NA         NA            1.00       0.0000000      0.01540 0.0006464478            1.00
12      10.824185     0.15035331      5.0412795    0.006995347             NA             NA      3.7571657     0.61348886         NA         NA           20.00       0.0000000      0.75445 0.0503102728           89.40
   iterations_MCSE group_ARI_mean group_ARI_MCSE objective_mean objective_MCSE I_optimal_mean I_optimal_MCSE IMSPE_selected_mean IMSPE_selected_MCSE case R_setting Var_a_setting
1        2.3596108  -4.983395e-06   0.0002029629             NA             NA             NA             NA                  NA                  NA    4        20          0.50
2        1.5958829   1.783209e-01   0.0193835868      -9.381371     0.03827058      0.1033076     0.01416157            9.381371          0.03827058    4        20          0.50
3        6.0656388   6.038154e-05   0.0002333307             NA             NA             NA             NA                  NA                  NA    4        20          0.50
4        2.6172253   2.940754e-01   0.0140754051             NA             NA             NA             NA                  NA                  NA    4        20          0.50
5        0.0000000             NA             NA             NA             NA             NA             NA                  NA                  NA    4        20          0.50
6        4.6466032  -3.373013e-05   0.0001038553             NA             NA             NA             NA                  NA                  NA    4        20          0.50
7        3.2766117  -9.573923e-05   0.0002533583             NA             NA             NA             NA                  NA                  NA    4        20          2.25
8        1.1522861   1.780739e-01   0.0193461425     -10.756375     0.13498835      0.2559936     0.05761709           10.756375          0.13498835    4        20          2.25
9        6.3929546   2.591815e-04   0.0002792535             NA             NA             NA             NA                  NA                  NA    4        20          2.25
10       0.8592377   2.940754e-01   0.0140754051             NA             NA             NA             NA                  NA                  NA    4        20          2.25
11       0.0000000             NA             NA             NA             NA             NA             NA                  NA                  NA    4        20          2.25
12       5.9804066  -3.373013e-05   0.0001038553             NA             NA             NA             NA                  NA                  NA    4        20          2.25
