Host: erc-hpc-comp028
MODEL=RI CASE=12 R_LIST=50 VAR_A_LIST=0.5,2.25
LABEL_POLICY=unknown MIS_TYPE=none RHO=0 LAMBDA=0 CIRG_CRITERION=IMSPE
NLOOP=20 SA_MAX=25 EM_MAX=300 K_GRID_POINTS=8 N_CORES=8
============================================================
Method comparison
MODEL=RI cases=12 label_policy=unknown misspec=none rho=0
N=2500 p=50 R=50 Var.a=0.5,2.25
nloop=20 tau=255 lambda=0 CIRG_CRITERION=IMSPE
Budgets: SA_MAX=25 EM_MAX=300 K_GRID_POINTS=8 KMEANS_NUM_INIT=1 KMEANS_MAX_ITERS=25 CPF_LAMBDA_POINTS=6 CPF_MAX_ITER=300 BLM_NSTART=5 N_CORES=8
Methods: LM, KM, OBS, CPF, BLM, CIRG
============================================================

Running case=12 R=50 Var.a=0.5
Saved: results_comparison/RI_case12_R50_vara0.5_lambda0_none.rds 

Running case=12 R=50 Var.a=2.25
Saved: results_comparison/RI_case12_R50_vara2.25_lambda0_none.rds 

Finished. Elapsed minutes: 8.597733 
Saved combined: results_comparison/RI_cases12_R50_vara0.50-2.25_grid_lambda0_none.rds 

   method mis_type rho  n convergence_rate MSPE_mean  MSPE_MCSE beta_MSE_mean beta_MSE_MCSE beta_SSE_mean beta_SSE_MCSE intercept_MSE_mean intercept_MSE_MCSE Var_a_hat_mean Var_a_hat_MCSE Var_b_hat_mean Var_b_hat_MCSE
1     BLM     none  NA 20                1  9.352678 0.05339493   0.005023256  0.0001412893     0.2511628   0.007064466        0.002890642       0.0006262018    0.064357942    0.005342813             NA             NA
2    CIRG     none  NA 20                1  9.309808 0.05595179   0.004087729  0.0001863375     0.2043864   0.009316877        0.002821770       0.0008552755    0.027079897    0.005672324             NA             NA
3     CPF     none  NA 20                1  9.337060 0.05410444   0.005021045  0.0001408826     0.2510523   0.007044130        0.022554664       0.0080007251    0.115545466    0.012205193             NA             NA
4      KM     none  NA 20                1  9.313042 0.05545665   0.004129081  0.0002039247     0.2064540   0.010196235        0.002467535       0.0008498581    0.025255869    0.005652496             NA             NA
5      LM     none  NA 20                1  9.316176 0.05554913   0.005030010  0.0001427890     0.2515005   0.007139449        0.002632626       0.0008496647    0.000000000    0.000000000             NA             NA
6     OBS     none  NA 20                1  9.317209 0.05531542   0.005027886  0.0001424224     0.2513943   0.007121122        0.002634099       0.0008498682    0.006730999    0.001303398             NA             NA
7     BLM     none  NA 20                1 10.302100 0.06326680   0.014896627  0.0002998329     0.7448314   0.014991646        0.005606012       0.0017150949    0.072399728    0.005599293             NA             NA
8    CIRG     none  NA 20                1 10.211563 0.06607257   0.009085887  0.0003373657     0.4542943   0.016868284        0.007163894       0.0027010919    0.136671423    0.014807340             NA             NA
9     CPF     none  NA 20                1 10.282447 0.06464989   0.014893288  0.0002998905     0.7446644   0.014994526        0.027948197       0.0069963689    0.131990034    0.012801329             NA             NA
10     KM     none  NA 20                1 10.222149 0.06549088   0.009038358  0.0003444132     0.4519179   0.017220658        0.006620579       0.0026730112    0.135733461    0.015995288             NA             NA
11     LM     none  NA 20                1 10.259312 0.06634597   0.014904550  0.0003011260     0.7452275   0.015056302        0.006948954       0.0025305786    0.000000000    0.000000000             NA             NA
12    OBS     none  NA 20                1 10.260819 0.06597964   0.014901326  0.0003008599     0.7450663   0.015042997        0.006951814       0.0025313798    0.008401782    0.001537304             NA             NA
   Var_e_hat_mean Var_e_hat_MCSE Var_a_MSE_mean Var_a_MSE_MCSE Var_b_MSE_mean Var_b_MSE_MCSE Var_e_MSE_mean Var_e_MSE_MCSE G_MSE_mean G_MSE_MCSE selected_K_mean selected_K_MCSE runtime_mean runtime_MCSE iterations_mean
1        9.145917     0.03539594      0.1903264    0.004527141             NA             NA     0.04509644    0.007649817         NA         NA            9.85       0.0819178      0.11630 0.0068048357           11.25
2        9.184029     0.03603627      0.2242648    0.005307077             NA             NA     0.05854042    0.009951500         NA         NA            2.55       0.2853899     19.23520 1.6764067990           20.40
3        9.172616     0.03523702      0.1506357    0.008762135             NA             NA     0.05338771    0.009179741         NA         NA            4.70       0.3086473      0.40575 0.0179929628           14.55
4        9.185607     0.03605643      0.2259891    0.005302968             NA             NA     0.05915135    0.009934600         NA         NA            2.00       0.0000000     62.01685 4.7989338143           19.00
5        9.194750     0.03568844      0.2500000    0.000000000             NA             NA     0.06212702    0.010383759         NA         NA            1.00       0.0000000      0.01025 0.0009756914            1.00
6        9.188400     0.03546179      0.2433466    0.001279467             NA             NA     0.05938770    0.010051232         NA         NA           50.00       0.0000000      1.27605 0.0797275451          143.30
7       10.074611     0.04340071      4.7425386    0.024197700             NA             NA     1.19057682    0.087952360         NA         NA            9.85       0.0819178      0.13715 0.0121307081           11.25
8       10.081681     0.04368237      4.4703236    0.062442700             NA             NA     1.20628810    0.089281338         NA         NA            2.45       0.2853899     19.19645 2.0891343756            8.50
9       10.106225     0.04300903      4.4890798    0.053638926             NA             NA     1.25888044    0.090109599         NA         NA            4.45       0.2663101      0.47355 0.0327402436           13.40
10      10.083826     0.04376750      4.4749841    0.067324370             NA             NA     1.21107471    0.089495153         NA         NA            2.00       0.0000000     74.12610 5.6354086658            8.10
11      10.129969     0.04305228      5.0625000    0.000000000             NA             NA     1.31204724    0.091534398         NA         NA            1.00       0.0000000      0.01480 0.0022891046            1.00
12      10.121936     0.04312529      5.0248075    0.006886862             NA             NA     1.29407699    0.091182893         NA         NA           50.00       0.0000000      2.38970 0.3219988567          143.00
   iterations_MCSE group_ARI_mean group_ARI_MCSE objective_mean objective_MCSE I_optimal_mean I_optimal_MCSE IMSPE_selected_mean IMSPE_selected_MCSE case R_setting Var_a_setting
1        0.4284304  -2.077112e-04   1.270682e-04             NA             NA             NA             NA                  NA                  NA   12        50          0.50
2        3.3477408   2.579305e-02   1.196517e-03      -9.247905     0.03627187     0.07644222    0.002809203            9.247905          0.03627187   12        50          0.50
3        0.9959788  -5.434796e-05   6.414925e-05             NA             NA             NA             NA                  NA                  NA   12        50          0.50
4        2.8663198   2.523336e-02   7.755163e-04             NA             NA             NA             NA                  NA                  NA   12        50          0.50
5        0.0000000             NA             NA             NA             NA             NA             NA                  NA                  NA   12        50          0.50
6        8.6788005  -1.043958e-04   1.635189e-04             NA             NA             NA             NA                  NA                  NA   12        50          0.50
7        0.4638228  -1.552159e-04   1.034409e-04             NA             NA             NA             NA                  NA                  NA   12        50          2.25
8        0.5404676   2.511736e-02   8.896196e-04     -10.152544     0.04393613     0.13540105    0.007572085           10.152544          0.04393613   12        50          2.25
9        0.7048703   6.470924e-05   6.255629e-05             NA             NA             NA             NA                  NA                  NA   12        50          2.25
10       0.2605662   2.523336e-02   7.755163e-04             NA             NA             NA             NA                  NA                  NA   12        50          2.25
11       0.0000000             NA             NA             NA             NA             NA             NA                  NA                  NA   12        50          2.25
12       9.7670229  -1.043958e-04   1.635189e-04             NA             NA             NA             NA                  NA                  NA   12        50          2.25
