Host: erc-hpc-comp189
MODEL=RI CASE=6 R_LIST=50 VAR_A_LIST=0.5,2.25
LABEL_POLICY=unknown MIS_TYPE=none RHO=0 LAMBDA=0 CIRG_CRITERION=IMSPE
NLOOP=20 SA_MAX=25 EM_MAX=300 K_GRID_POINTS=8 N_CORES=8
============================================================
Method comparison
MODEL=RI cases=6 label_policy=unknown misspec=none rho=0
N=2500 p=50 R=50 Var.a=0.5,2.25
nloop=20 tau=255 lambda=0 CIRG_CRITERION=IMSPE
Budgets: SA_MAX=25 EM_MAX=300 K_GRID_POINTS=8 KMEANS_NUM_INIT=1 KMEANS_MAX_ITERS=25 CPF_LAMBDA_POINTS=6 CPF_MAX_ITER=300 BLM_NSTART=5 N_CORES=8
Methods: LM, KM, OBS, CPF, BLM, CIRG
============================================================

Running case=6 R=50 Var.a=0.5
Saved: results_comparison/RI_case6_R50_vara0.5_lambda0_none.rds 

Running case=6 R=50 Var.a=2.25
Saved: results_comparison/RI_case6_R50_vara2.25_lambda0_none.rds 

Finished. Elapsed minutes: 11.86337 
Saved combined: results_comparison/RI_cases6_R50_vara0.50-2.25_grid_lambda0_none.rds 

   method mis_type rho  n convergence_rate MSPE_mean  MSPE_MCSE beta_MSE_mean beta_MSE_MCSE beta_SSE_mean beta_SSE_MCSE intercept_MSE_mean intercept_MSE_MCSE Var_a_hat_mean Var_a_hat_MCSE Var_b_hat_mean Var_b_hat_MCSE
1     BLM     none  NA 20                1  9.484164 0.04955734   0.004635538  0.0002359087     0.2317769    0.01179544          0.1475743         0.05080666   0.0620241696   3.980271e-03             NA             NA
2    CIRG     none  NA 20                1  9.441055 0.04910412   0.004592562  0.0002376178     0.2296281    0.01188089          0.1311084         0.04533183   0.0002863728   1.529584e-04             NA             NA
3     CPF     none  NA 20                1  9.454078 0.04940121   0.004610641  0.0002345962     0.2305320    0.01172981          0.1768258         0.06029788   0.1230030567   1.239329e-02             NA             NA
4      KM     none  NA 20                1  9.440882 0.04906567   0.004596670  0.0002361641     0.2298335    0.01180821          0.1321200         0.04538967   0.0001099424   5.766848e-06             NA             NA
5      LM     none  NA 20                1  9.440861 0.04906082   0.004596187  0.0002364293     0.2298093    0.01182147          0.1319358         0.04543582   0.0000000000   0.000000e+00             NA             NA
6     OBS     none  NA 20                1  9.441802 0.04897546   0.004599894  0.0002359390     0.2299947    0.01179695          0.1322951         0.04560428   0.0071573364   1.673161e-03             NA             NA
7     BLM     none  NA 20                1 11.054250 0.10990416   0.005314156  0.0002983984     0.2657078    0.01491992          0.1863594         0.05723746   0.0748122795   4.809472e-03             NA             NA
8    CIRG     none  NA 20                1 11.006445 0.10780654   0.005260190  0.0003013470     0.2630095    0.01506735          0.1708993         0.05152662   0.0005151426   3.709570e-04             NA             NA
9     CPF     none  NA 20                1 11.029726 0.10989901   0.005284756  0.0002989217     0.2642378    0.01494608          0.2933060         0.10320043   0.1386392711   1.133531e-02             NA             NA
10     KM     none  NA 20                1 11.005909 0.10783829   0.005264632  0.0002991553     0.2632316    0.01495776          0.1705338         0.05164637   0.0001255590   6.613527e-06             NA             NA
11     LM     none  NA 20                1 11.005888 0.10783513   0.005264159  0.0002993820     0.2632080    0.01496910          0.1706404         0.05166042   0.0000000000   0.000000e+00             NA             NA
12    OBS     none  NA 20                1 11.006983 0.10784125   0.005267919  0.0002987823     0.2633960    0.01493911          0.1715264         0.05181750   0.0078010650   1.716911e-03             NA             NA
   Var_e_hat_mean Var_e_hat_MCSE Var_a_MSE_mean Var_a_MSE_MCSE Var_b_MSE_mean Var_b_MSE_MCSE Var_e_MSE_mean Var_e_MSE_MCSE G_MSE_mean G_MSE_MCSE selected_K_mean selected_K_MCSE runtime_mean runtime_MCSE iterations_mean
1        9.301698     0.02903866      0.1921238   3.491402e-03             NA             NA      0.1070431     0.01920662         NA         NA            9.90      0.06882472      0.11580  0.003416369           11.25
2        9.350833     0.03036585      0.2497142   1.524621e-04             NA             NA      0.1406034     0.02288676         NA         NA            2.55      0.35890917     28.01075  5.631002857           44.45
3        9.331234     0.02981229      0.1450450   8.823094e-03             NA             NA      0.1266026     0.02125572         NA         NA            4.75      0.34697945      0.39635  0.013089424           15.15
4        9.350996     0.03037575      0.2498901   5.765518e-06             NA             NA      0.1407293     0.02288975         NA         NA            2.00      0.00000000     83.92345  6.058747058           39.05
5        9.350940     0.03037839      0.2500000   0.000000e+00             NA             NA      0.1406928     0.02289115         NA         NA            1.00      0.00000000      0.02305  0.001175350            1.00
6        9.344193     0.03001009      0.2429471   1.632697e-03             NA             NA      0.1355806     0.02223549         NA         NA           50.00      0.00000000      1.26195  0.128481690          143.20
7       10.832436     0.10465710      4.7318811   2.091593e-02             NA             NA      3.5659313     0.40013126         NA         NA            9.80      0.09176629      0.11950  0.004584585           11.50
8       10.889411     0.10649621      5.0601847   1.666453e-03             NA             NA      3.7853596     0.41869629         NA         NA            2.55      0.35890917     28.05895  5.676229880           40.85
9       10.863240     0.10551261      4.4602854   4.771007e-02             NA             NA      3.6831883     0.40992808         NA         NA            4.45      0.32015621      0.37150  0.009973781           13.65
10      10.889732     0.10644512      5.0619350   2.975915e-05             NA             NA      3.7863694     0.41853101         NA         NA            2.00      0.00000000     82.74025  5.997781012           38.35
11      10.889657     0.10644219      5.0625000   0.000000e+00             NA             NA      3.7860728     0.41849988         NA         NA            1.00      0.00000000      0.02060  0.001621241            1.00
12      10.882287     0.10602372      5.0275121   7.683140e-03             NA             NA      3.7565853     0.41564100         NA         NA           50.00      0.00000000      1.45780  0.208022286          155.60
   iterations_MCSE group_ARI_mean group_ARI_MCSE objective_mean objective_MCSE I_optimal_mean I_optimal_MCSE IMSPE_selected_mean IMSPE_selected_MCSE case R_setting Var_a_setting
1        0.4031129  -4.844859e-05   1.111029e-04             NA             NA             NA             NA                  NA                  NA    6        50          0.50
2        6.4090705   2.955373e-05   4.857509e-05      -9.415183     0.03055184     0.06439857   0.0002314243            9.415183          0.03055184    6        50          0.50
3        1.4478205   2.696992e-05   7.402354e-05             NA             NA             NA             NA                  NA                  NA    6        50          0.50
4        5.1378241   7.809361e-05   6.954932e-05             NA             NA             NA             NA                  NA                  NA    6        50          0.50
5        0.0000000             NA             NA             NA             NA             NA             NA                  NA                  NA    6        50          0.50
6        9.4617234  -1.043958e-04   1.635189e-04             NA             NA             NA             NA                  NA                  NA    6        50          0.50
7        0.5453150   8.800501e-05   1.605506e-04             NA             NA             NA             NA                  NA                  NA    6        50          2.25
8        5.2114626   4.474089e-05   4.892491e-05     -10.964408     0.10716048     0.07504624   0.0006957519           10.964408          0.10716048    6        50          2.25
9        1.2696353   1.427552e-05   9.080292e-05             NA             NA             NA             NA                  NA                  NA    6        50          2.25
10       5.0753662   7.809361e-05   6.954932e-05             NA             NA             NA             NA                  NA                  NA    6        50          2.25
11       0.0000000             NA             NA             NA             NA             NA             NA                  NA                  NA    6        50          2.25
12      10.0520749  -1.043958e-04   1.635189e-04             NA             NA             NA             NA                  NA                  NA    6        50          2.25
