Host: erc-hpc-comp011
MODEL=RS CASE=16 R_LIST=50 VAR_A_LIST=0.5,2.25
LABEL_POLICY=unknown MIS_TYPE=none RHO=0 LAMBDA=0 CIRG_CRITERION=IMSPE
NLOOP=20 SA_MAX=25 EM_MAX=300 K_GRID_POINTS=8 N_CORES=8
============================================================
Method comparison
MODEL=RS cases=16 label_policy=unknown misspec=none rho=0
N=2500 p=50 R=50 Var.a=0.5,2.25
nloop=20 tau=255 lambda=0 CIRG_CRITERION=IMSPE
Budgets: SA_MAX=25 EM_MAX=300 K_GRID_POINTS=8 KMEANS_NUM_INIT=1 KMEANS_MAX_ITERS=25 CPF_LAMBDA_POINTS=6 CPF_MAX_ITER=300 BLM_NSTART=5 N_CORES=8
Methods: LM, KM, OBS, CPF, BLM, CIRG
============================================================

Running case=16 R=50 Var.a=0.5
Saved: results_comparison/RS_case16_R50_vara0.5_varb0.1_lambda0_none.rds 

Running case=16 R=50 Var.a=2.25
Saved: results_comparison/RS_case16_R50_vara2.25_varb0.1_lambda0_none.rds 

Finished. Elapsed minutes: 7.936217 
Saved combined: results_comparison/RS_cases16_R50_vara0.50-2.25_varb0.1_grid_lambda0_none.rds 

   method mis_type rho  n convergence_rate MSPE_mean MSPE_MCSE beta_MSE_mean beta_MSE_MCSE beta_SSE_mean beta_SSE_MCSE intercept_MSE_mean intercept_MSE_MCSE Var_a_hat_mean Var_a_hat_MCSE Var_b_hat_mean Var_b_hat_MCSE
1     BLM     none  NA 20                1  20.97203 0.1728883    0.03303866  0.0005732370      1.651933    0.02866185         0.02710826        0.005074695   6.773067e-05   2.938555e-07   0.0001113528   5.046723e-07
2    CIRG     none  NA 20                1  15.89274 0.1369258    0.03102396  0.0010724754      1.551198    0.05362377         0.28852354        0.030275102   3.993224e-02   8.271727e-03   0.0362009342   1.161060e-03
3     CPF     none  NA 20                1  20.98449 0.1741283    0.03303078  0.0005770736      1.651539    0.02885368         0.06277069        0.010586214   1.851471e-01   1.978358e-02   0.0001993095   9.835755e-06
4      KM     none  NA 20                1  15.85335 0.1322884    0.02879847  0.0006388254      1.439923    0.03194127         0.27903620        0.031237678   4.929823e-02   7.732410e-03   0.0347507967   1.116416e-03
5      LM     none  NA 20                1  20.97203 0.1728883    0.03303866  0.0005732370      1.651933    0.02866185         0.02710826        0.005074695   0.000000e+00   0.000000e+00             NA             NA
6     OBS     none  NA 20                0  20.97683 0.1719912    0.03302760  0.0005794055      1.651380    0.02897027         0.02691744        0.005022382   8.127750e-03   2.543939e-03   0.0058172343   2.725902e-04
7     BLM     none  NA 20                1  24.17856 0.2055309    0.03436495  0.0005639731      1.718247    0.02819866         0.02788585        0.003891626   7.226264e-05   3.325384e-07   0.0001188040   5.722529e-07
8    CIRG     none  NA 20                1  18.13241 0.1623449    0.03269883  0.0007365177      1.634941    0.03682588         1.15021044        0.053276497   1.232510e-01   1.794589e-02   0.0469349765   1.299209e-03
9     CPF     none  NA 20                1  24.19183 0.2079940    0.03437735  0.0005718198      1.718867    0.02859099         0.04430744        0.015797547   1.967217e-01   2.192699e-02   0.0002142066   1.078166e-05
10     KM     none  NA 20                1  17.92019 0.1565870    0.03185783  0.0006141387      1.592892    0.03070694         1.13691948        0.060137874   1.576480e-01   1.263460e-02   0.0462699115   1.379163e-03
11     LM     none  NA 20                1  24.17856 0.2055309    0.03436495  0.0005639731      1.718247    0.02819866         0.02788585        0.003891626   0.000000e+00   0.000000e+00             NA             NA
12    OBS     none  NA 20                0  24.18298 0.2049397    0.03435255  0.0005723640      1.717627    0.02861820         0.02807317        0.003927697   9.129656e-03   2.604582e-03   0.0061626779   2.691420e-04
   Var_e_hat_mean Var_e_hat_MCSE Var_a_MSE_mean Var_a_MSE_MCSE Var_b_MSE_mean Var_b_MSE_MCSE Var_e_MSE_mean Var_e_MSE_MCSE   G_MSE_mean   G_MSE_MCSE selected_K_mean selected_K_MCSE runtime_mean runtime_MCSE
1        12.20285     0.05429490      0.2499323   2.938158e-07    0.009977742   1.008222e-07      10.314238      0.3460838 0.0002878967 2.050323e-09            1.00       0.0000000      0.29860 0.0020842770
2        11.04823     0.05083654      0.2129624   7.288905e-03    0.004095934   1.480860e-04       4.244353      0.2033221 0.0001606148 2.973252e-06            2.75       0.2980198     16.09870 1.4529487206
3        12.17252     0.05416803      0.1065687   9.949877e-03    0.009960180   1.962470e-06      10.120640      0.3424181 0.0002324405 3.803955e-06            4.75       0.2798026      1.50475 0.0743138393
4        11.11709     0.04648111      0.2042681   6.740679e-03    0.004281140   1.440008e-04       4.523116      0.1892591 0.0001608324 3.723910e-06            2.00       0.0000000     55.22515 5.2719861149
5        12.19962     0.05428054      0.2500000   0.000000e+00             NA             NA      10.293538      0.3456424           NA           NA            1.00       0.0000000      0.00755 0.0001141329
6        12.04153     0.05288711      0.2420613   2.448760e-03    0.008871805   5.129949e-05       9.304049      0.3187535 0.0002636107 1.182878e-06           50.00       0.0000000      6.69255 0.1020310963
7        13.01939     0.06163948      5.0621748   1.496375e-06    0.009976253   1.143145e-07      16.227693      0.4952828 0.0021380190 2.769934e-09            1.00       0.0000000      0.31010 0.0020974922
8        11.57660     0.05371616      4.5291805   7.606483e-02    0.002847968   1.363852e-04       6.693707      0.2733910 0.0017960703 2.841688e-05            2.65       0.2541757     14.01815 1.2197723176
9        12.98573     0.06179133      4.2250867   8.687697e-02    0.009957207   2.150861e-06      15.958561      0.4929772 0.0018158197 3.337589e-05            5.00       0.2615742      1.66405 0.0886988837
10       11.64094     0.04955891      4.3809700   5.236660e-02    0.002923062   1.449673e-04       7.021242      0.2541876 0.0017405318 2.007240e-05            2.00       0.0000000     57.20325 5.4553822341
11       13.01595     0.06162319      5.0625000   0.000000e+00             NA             NA      16.199976      0.4947276           NA           NA            1.00       0.0000000      0.00785 0.0001312892
12       12.84819     0.05998778      5.0216288   1.161829e-02    0.008806819   5.049399e-05      14.876927      0.4597437 0.0020999499 4.305261e-06           50.00       0.0000000      6.71755 0.0769652169
   iterations_mean iterations_MCSE group_ARI_mean group_ARI_MCSE objective_mean objective_MCSE I_optimal_mean I_optimal_MCSE IMSPE_selected_mean IMSPE_selected_MCSE case R_setting Var_a_setting
1            26.00       0.0000000   0.000000e+00   0.000000e+00             NA             NA             NA             NA                  NA                  NA   16        50          0.50
2            26.65       6.8037432   1.721807e-02   1.001402e-03      -11.24506     0.04672008      0.5339154     0.03145618            11.24506          0.04672008   16        50          0.50
3           117.70       6.7219593  -2.440573e-04   9.508778e-05             NA             NA             NA             NA                  NA                  NA   16        50          0.50
4            13.05       1.3327356   1.433543e-02   1.865132e-04             NA             NA             NA             NA                  NA                  NA   16        50          0.50
5             1.00       0.0000000             NA             NA             NA             NA             NA             NA                  NA                  NA   16        50          0.50
6           300.00       0.0000000  -9.984639e-06   1.469885e-04             NA             NA             NA             NA                  NA                  NA   16        50          0.50
7            26.00       0.0000000   0.000000e+00   0.000000e+00             NA             NA             NA             NA                  NA                  NA   16        50          2.25
8            21.90       7.8280535   1.700169e-02   9.160408e-04      -11.78333     0.05020026      0.7181111     0.04508442            11.78333          0.05020026   16        50          2.25
9           126.85       7.0139992  -1.682604e-04   1.061576e-04             NA             NA             NA             NA                  NA                  NA   16        50          2.25
10            8.45       0.1352386   1.433543e-02   1.865132e-04             NA             NA             NA             NA                  NA                  NA   16        50          2.25
11            1.00       0.0000000             NA             NA             NA             NA             NA             NA                  NA                  NA   16        50          2.25
12          300.00       0.0000000  -9.984639e-06   1.469885e-04             NA             NA             NA             NA                  NA                  NA   16        50          2.25
