Host: erc-hpc-comp188
MODEL=RS CASE=15 R_LIST=50 VAR_A_LIST=0.5,2.25
LABEL_POLICY=unknown MIS_TYPE=none RHO=0 LAMBDA=0 CIRG_CRITERION=IMSPE
NLOOP=20 SA_MAX=25 EM_MAX=300 K_GRID_POINTS=8 N_CORES=8
============================================================
Method comparison
MODEL=RS cases=15 label_policy=unknown misspec=none rho=0
N=2500 p=50 R=50 Var.a=0.5,2.25
nloop=20 tau=255 lambda=0 CIRG_CRITERION=IMSPE
Budgets: SA_MAX=25 EM_MAX=300 K_GRID_POINTS=8 KMEANS_NUM_INIT=1 KMEANS_MAX_ITERS=25 CPF_LAMBDA_POINTS=6 CPF_MAX_ITER=300 BLM_NSTART=5 N_CORES=8
Methods: LM, KM, OBS, CPF, BLM, CIRG
============================================================

Running case=15 R=50 Var.a=0.5
Saved: results_comparison/RS_case15_R50_vara0.5_varb0.1_lambda0_none.rds 

Running case=15 R=50 Var.a=2.25
Saved: results_comparison/RS_case15_R50_vara2.25_varb0.1_lambda0_none.rds 

Finished. Elapsed minutes: 13.12745 
Saved combined: results_comparison/RS_cases15_R50_vara0.50-2.25_varb0.1_grid_lambda0_none.rds 

   method mis_type rho  n convergence_rate MSPE_mean MSPE_MCSE beta_MSE_mean beta_MSE_MCSE beta_SSE_mean beta_SSE_MCSE intercept_MSE_mean intercept_MSE_MCSE Var_a_hat_mean Var_a_hat_MCSE Var_b_hat_mean Var_b_hat_MCSE
1     BLM     none  NA 20                1  22.82476 0.4466573    0.03096432   0.001786760      1.548216    0.08933799          0.4591679         0.02350873   0.0001124859   2.136244e-06   0.0001406104   2.682736e-06
2    CIRG     none  NA 20                1  22.56230 0.4514356    0.03073729   0.001943366      1.536864    0.09716832          0.3134282         0.03009007   0.0061446177   4.316112e-03   0.0088893285   1.116809e-03
3     CPF     none  NA 20                1  22.86168 0.4482927    0.03100213   0.001800794      1.550107    0.09003972          0.5316215         0.08212557   0.2786208709   2.125031e-02   0.0002808634   1.400864e-05
4      KM     none  NA 20                1  22.67622 0.4432343    0.03093664   0.001813219      1.546832    0.09066095          0.3767915         0.03273504   0.0013325801   1.058902e-03   0.0038894482   9.446527e-04
5      LM     none  NA 20                1  22.82476 0.4466573    0.03096432   0.001786760      1.548216    0.08933799          0.4591679         0.02350873   0.0000000000   0.000000e+00             NA             NA
6     OBS     none  NA 20                0  22.83981 0.4470555    0.03094766   0.001787769      1.547383    0.08938843          0.4589533         0.02334428   0.0084317555   1.788309e-03   0.0103935435   6.253855e-04
7     BLM     none  NA 20                1  28.29198 0.6192564    0.04596907   0.002435464      2.298454    0.12177318          0.8454577         0.04734684   0.0001395385   2.958937e-06   0.0001744281   3.715368e-06
8    CIRG     none  NA 20                1  27.99364 0.6251810    0.04560844   0.002630512      2.280422    0.13152560          0.6268938         0.05603304   0.0061914711   4.632573e-03   0.0105130700   1.290877e-03
9     CPF     none  NA 20                1  28.32907 0.6231550    0.04604815   0.002432190      2.302408    0.12160950          0.9798752         0.11899258   0.3278948198   3.255207e-02   0.0003371373   1.907334e-05
10     KM     none  NA 20                1  28.12199 0.6183818    0.04586209   0.002463680      2.293105    0.12318400          0.7214958         0.05714452   0.0009810357   6.825061e-04   0.0044552095   1.089710e-03
11     LM     none  NA 20                1  28.29198 0.6192564    0.04596907   0.002435464      2.298454    0.12177318          0.8454577         0.04734684   0.0000000000   0.000000e+00             NA             NA
12    OBS     none  NA 20                0  28.31114 0.6197239    0.04595113   0.002436220      2.297557    0.12181099          0.8451975         0.04722370   0.0102782322   2.120814e-03   0.0126996340   8.267724e-04
   Var_e_hat_mean Var_e_hat_MCSE Var_a_MSE_mean Var_a_MSE_MCSE Var_b_MSE_mean Var_b_MSE_MCSE Var_e_MSE_mean Var_e_MSE_MCSE   G_MSE_mean   G_MSE_MCSE selected_K_mean selected_K_MCSE runtime_mean runtime_MCSE
1        22.72298      0.4305456     0.24988753   2.135769e-06    0.009971898   5.358011e-07       191.8423       11.62421 0.0002877672 1.112078e-08             1.0       0.0000000      0.36450 0.0232713400
2        22.35607      0.4268230     0.24424709   3.957166e-03    0.008324852   2.042740e-04       181.8461       11.20928 0.0002539368 4.281611e-06             3.8       0.5964809     34.58435 4.3652600286
3        22.67396      0.4290766     0.05758866   1.021678e-02    0.009943910   2.793526e-06       190.4753       11.54189 0.0002132965 3.911690e-06             4.8       0.3448875      1.67875 0.1589720908
4        22.56892      0.4384048     0.24869050   1.035907e-03    0.009254193   1.775216e-04       187.7674       11.74221 0.0002735102 3.530296e-06             2.0       0.0000000     59.76405 4.7948323078
5        22.71724      0.4304368     0.25000000   0.000000e+00             NA             NA       191.6830       11.61639           NA           NA             1.0       0.0000000      0.00985 0.0006167615
6        22.31446      0.4180026     0.24170010   1.736119e-03    0.008036748   1.108260e-04       180.5946       10.95696 0.0002474193 2.202792e-06            50.0       0.0000000      9.34900 0.5599383942
7        28.18775      0.5965069     5.06187210   1.331440e-05    0.009965145   7.417963e-07       374.9303       22.43035 0.0021376891 1.937776e-08             1.0       0.0000000      0.40980 0.0371208269
8        27.75479      0.5981637     5.03508447   2.041680e-02    0.008039572   2.340734e-04       358.5404       21.94739 0.0020903741 9.253645e-06             3.9       0.6151594     39.29135 4.8832127600
9        28.12808      0.5945500     3.71462144   1.212882e-01    0.009932693   3.801275e-06       372.5997       22.28852 0.0016190912 4.662193e-05             4.8       0.3670652      2.06245 0.2443089877
10       28.01026      0.6045752     5.05809515   3.061563e-03    0.009151369   2.029772e-04       368.3346       22.56082 0.0021205935 4.333398e-06             2.0       0.0000000     71.65885 6.6682836264
11       28.18063      0.5963562     5.06250000   0.000000e+00             NA             NA       374.6537       22.41631           NA           NA             1.0       0.0000000      0.01315 0.0016925145
12       27.68953      0.5785576     5.01643906   9.475328e-03    0.007634341   1.414370e-04       355.6584       21.18962 0.0020754157 4.217189e-06            50.0       0.0000000     10.26670 1.0610169752
   iterations_mean iterations_MCSE group_ARI_mean group_ARI_MCSE objective_mean objective_MCSE I_optimal_mean I_optimal_MCSE IMSPE_selected_mean IMSPE_selected_MCSE case R_setting Var_a_setting
1            27.00        0.000000   0.000000e+00   0.000000e+00             NA             NA             NA             NA                  NA                  NA   15        50          0.50
2            60.95        8.076762   1.304011e-03   1.410892e-04      -22.65302      0.4368007      0.2679480     0.01600387            22.65302           0.4368007   15        50          0.50
3           115.25        7.976569   1.376971e-04   7.435583e-05             NA             NA             NA             NA                  NA                  NA   15        50          0.50
4            40.45        2.111965   9.746984e-04   1.826892e-04             NA             NA             NA             NA                  NA                  NA   15        50          0.50
5             1.00        0.000000             NA             NA             NA             NA             NA             NA                  NA                  NA   15        50          0.50
6           300.00        0.000000  -1.043958e-04   1.635189e-04             NA             NA             NA             NA                  NA                  NA   15        50          0.50
7            27.00        0.000000   0.000000e+00   0.000000e+00             NA             NA             NA             NA                  NA                  NA   15        50          2.25
8            71.85        9.174987   1.355791e-03   1.253920e-04      -28.12123      0.6059894      0.3224675     0.01867558            28.12123           0.6059894   15        50          2.25
9           124.25       10.849903   8.360756e-05   8.263708e-05             NA             NA             NA             NA                  NA                  NA   15        50          2.25
10           45.50        1.911874   9.746984e-04   1.826892e-04             NA             NA             NA             NA                  NA                  NA   15        50          2.25
11            1.00        0.000000             NA             NA             NA             NA             NA             NA                  NA                  NA   15        50          2.25
12          300.00        0.000000  -1.043958e-04   1.635189e-04             NA             NA             NA             NA                  NA                  NA   15        50          2.25
