Host: erc-hpc-comp028
MODEL=RI CASE=10 R_LIST=50 VAR_A_LIST=0.5,2.25
LABEL_POLICY=unknown MIS_TYPE=none RHO=0 LAMBDA=0 CIRG_CRITERION=IMSPE
NLOOP=20 SA_MAX=25 EM_MAX=300 K_GRID_POINTS=8 N_CORES=8
============================================================
Method comparison
MODEL=RI cases=10 label_policy=unknown misspec=none rho=0
N=2500 p=50 R=50 Var.a=0.5,2.25
nloop=20 tau=255 lambda=0 CIRG_CRITERION=IMSPE
Budgets: SA_MAX=25 EM_MAX=300 K_GRID_POINTS=8 KMEANS_NUM_INIT=1 KMEANS_MAX_ITERS=25 CPF_LAMBDA_POINTS=6 CPF_MAX_ITER=300 BLM_NSTART=5 N_CORES=8
Methods: LM, KM, OBS, CPF, BLM, CIRG
============================================================

Running case=10 R=50 Var.a=0.5
Saved: results_comparison/RI_case10_R50_vara0.5_lambda0_none.rds 

Running case=10 R=50 Var.a=2.25
Saved: results_comparison/RI_case10_R50_vara2.25_lambda0_none.rds 

Finished. Elapsed minutes: 10.33388 
Saved combined: results_comparison/RI_cases10_R50_vara0.50-2.25_grid_lambda0_none.rds 

   method mis_type rho  n convergence_rate MSPE_mean  MSPE_MCSE beta_MSE_mean beta_MSE_MCSE beta_SSE_mean beta_SSE_MCSE intercept_MSE_mean intercept_MSE_MCSE Var_a_hat_mean Var_a_hat_MCSE Var_b_hat_mean Var_b_hat_MCSE
1     BLM     none  NA 20                1  9.565204 0.05982828   0.003939948  0.0001715045     0.1969974   0.008575224         0.01667085        0.005085095    0.068716721    0.004349459             NA             NA
2    CIRG     none  NA 20                1  9.480976 0.06012516   0.003917922  0.0001769535     0.1958961   0.008847675         0.02207035        0.005188116    0.502946591    0.162985449             NA             NA
3     CPF     none  NA 20                1  9.547899 0.06031320   0.003918042  0.0001704425     0.1959021   0.008522127         0.08950212        0.024079378    0.130038348    0.014438115             NA             NA
4      KM     none  NA 20                1  9.429601 0.06262600   0.003851752  0.0001747067     0.1925876   0.008735334         0.01344464        0.004101755    0.143573134    0.031469299             NA             NA
5      LM     none  NA 20                1  9.530828 0.05947647   0.003903239  0.0001740939     0.1951620   0.008704697         0.01554009        0.004067981    0.000000000    0.000000000             NA             NA
6     OBS     none  NA 20                1  9.530916 0.05947813   0.003904015  0.0001739747     0.1952008   0.008698737         0.01553889        0.004068298    0.006651282    0.001435319             NA             NA
7     BLM     none  NA 20                1 11.302622 0.12749851   0.004600955  0.0001510465     0.2300477   0.007552324         0.06655076        0.017874992    0.082192681    0.005066504             NA             NA
8    CIRG     none  NA 20                1 10.992437 0.11628654   0.004506769  0.0001673582     0.2253384   0.008367910         0.11515797        0.024852847    2.428673153    0.691796983             NA             NA
9     CPF     none  NA 20                1 11.279309 0.12693211   0.004585525  0.0001486955     0.2292762   0.007434776         0.17050800        0.040672068    0.154803949    0.018092370             NA             NA
10     KM     none  NA 20                1 10.767809 0.12069129   0.004371757  0.0001591924     0.2185879   0.007959621         0.05829850        0.017099653    2.083069368    0.880177297             NA             NA
11     LM     none  NA 20                1 11.265089 0.12694533   0.004557943  0.0001528399     0.2278971   0.007641996         0.06324236        0.015672593    0.000000000    0.000000000             NA             NA
12    OBS     none  NA 20                1 11.265094 0.12702343   0.004558425  0.0001526589     0.2279213   0.007632947         0.06323749        0.015673517    0.006971629    0.001670322             NA             NA
   Var_e_hat_mean Var_e_hat_MCSE Var_a_MSE_mean Var_a_MSE_MCSE Var_b_MSE_mean Var_b_MSE_MCSE Var_e_MSE_mean Var_e_MSE_MCSE G_MSE_mean G_MSE_MCSE selected_K_mean selected_K_MCSE runtime_mean runtime_MCSE iterations_mean
1        9.368385     0.03087094      0.1863647    0.003718007             NA             NA      0.1538147     0.02169354         NA         NA            9.75      0.09933993      0.13305  0.009024083           11.30
2        9.340186     0.03082669      0.5047296    0.358942381             NA             NA      0.1337817     0.02019093         NA         NA            4.50      0.38729833     19.48870  1.787060874           12.90
3        9.398550     0.03104440      0.1408323    0.009963084             NA             NA      0.1771530     0.02365991         NA         NA            3.95      0.24575341      0.44040  0.030804340           12.80
4        9.310560     0.03516930      0.1458561    0.013014009             NA             NA      0.1199481     0.02025922         NA         NA           10.00      0.07254763     86.32310  6.398834840           19.00
5        9.419424     0.03117174      0.2500000    0.000000000             NA             NA      0.1943783     0.02489116         NA         NA            1.00      0.00000000      0.01790  0.001862228            1.00
6        9.413132     0.03096362      0.2434321    0.001401283             NA             NA      0.1888940     0.02446855         NA         NA           50.00      0.00000000      2.22315  0.280248999          155.85
7       11.072957     0.10512601      4.6998763    0.021896401             NA             NA      4.5071296     0.43275684         NA         NA            9.80      0.09176629      0.14295  0.006606008           11.65
8       10.778363     0.09520344      9.1250023    5.344264085             NA             NA      3.3347860     0.31939208         NA         NA            4.80      0.42673793     18.40735  1.278209826            8.65
9       11.106746     0.10491476      4.3960658    0.074176250             NA             NA      4.6475117     0.43711443         NA         NA            4.20      0.30435436      0.46970  0.019837378           13.05
10      10.623506     0.09699957     14.7473952   11.350267515             NA             NA      2.8145423     0.32072253         NA         NA           10.00      0.07254763     83.94065  6.474358316           16.95
11      11.131603     0.10584280      5.0625000    0.000000000             NA             NA      4.7565817     0.44674674         NA         NA            1.00      0.00000000      0.01315  0.001292234            1.00
12      11.125053     0.10550157      5.0312293    0.007473620             NA             NA      4.7273299     0.44447503         NA         NA           50.00      0.00000000      2.65410  0.283618999          173.20
   iterations_MCSE group_ARI_mean group_ARI_MCSE objective_mean objective_MCSE I_optimal_mean I_optimal_MCSE IMSPE_selected_mean IMSPE_selected_MCSE case R_setting Var_a_setting
1        0.3634629  -7.930256e-05   1.236291e-04             NA             NA             NA             NA                  NA                  NA   10        50          0.50
2        1.2647030   1.553543e-01   1.554289e-02      -9.408003     0.03094414      0.1868197     0.03394309            9.408003          0.03094414   10        50          0.50
3        0.7766324  -3.528890e-05   7.393768e-05             NA             NA             NA             NA                  NA                  NA   10        50          0.50
4       10.5431444   3.751024e-01   5.141847e-03             NA             NA             NA             NA                  NA                  NA   10        50          0.50
5        0.0000000             NA             NA             NA             NA             NA             NA                  NA                  NA   10        50          0.50
6        9.4005249  -1.043958e-04   1.635189e-04             NA             NA             NA             NA                  NA                  NA   10        50          0.50
7        0.3015312  -2.368996e-04   1.239661e-04             NA             NA             NA             NA                  NA                  NA   10        50          2.25
8        0.6252368   1.669693e-01   1.685902e-02     -10.857444     0.09583467      0.6008021     0.13922499           10.857444          0.09583467   10        50          2.25
9        0.7728110  -3.637456e-05   6.659856e-05             NA             NA             NA             NA                  NA                  NA   10        50          2.25
10       5.6737971   3.751024e-01   5.141847e-03             NA             NA             NA             NA                  NA                  NA   10        50          2.25
11       0.0000000             NA             NA             NA             NA             NA             NA                  NA                  NA   10        50          2.25
12      10.4960143  -1.043958e-04   1.635189e-04             NA             NA             NA             NA                  NA                  NA   10        50          2.25
