Host: erc-hpc-comp183
MODEL=RI CASE=14 R_LIST=20 VAR_A_LIST=0.5,2.25
LABEL_POLICY=unknown MIS_TYPE=none RHO=0 LAMBDA=0 CIRG_CRITERION=IMSPE
NLOOP=20 SA_MAX=25 EM_MAX=300 K_GRID_POINTS=8 N_CORES=8
============================================================
Method comparison
MODEL=RI cases=14 label_policy=unknown misspec=none rho=0
N=2500 p=50 R=20 Var.a=0.5,2.25
nloop=20 tau=255 lambda=0 CIRG_CRITERION=IMSPE
Budgets: SA_MAX=25 EM_MAX=300 K_GRID_POINTS=8 KMEANS_NUM_INIT=1 KMEANS_MAX_ITERS=25 CPF_LAMBDA_POINTS=6 CPF_MAX_ITER=300 BLM_NSTART=5 N_CORES=8
Methods: LM, KM, OBS, CPF, BLM, CIRG
============================================================

Running case=14 R=20 Var.a=0.5
Saved: results_comparison/RI_case14_R20_vara0.5_lambda0_none.rds 

Running case=14 R=20 Var.a=2.25
Saved: results_comparison/RI_case14_R20_vara2.25_lambda0_none.rds 

Finished. Elapsed minutes: 8.200967 
Saved combined: results_comparison/RI_cases14_R20_vara0.50-2.25_grid_lambda0_none.rds 

   method mis_type rho  n convergence_rate MSPE_mean  MSPE_MCSE beta_MSE_mean beta_MSE_MCSE beta_SSE_mean beta_SSE_MCSE intercept_MSE_mean intercept_MSE_MCSE Var_a_hat_mean Var_a_hat_MCSE Var_b_hat_mean Var_b_hat_MCSE
1     BLM     none  NA 20                1  9.376765 0.05729777   0.002876360  8.039002e-05     0.1438180   0.004019501        0.003190967       0.0008865466    0.023359559    0.002731552             NA             NA
2    CIRG     none  NA 20                1  9.364961 0.05725614   0.002700428  1.023691e-04     0.1350214   0.005118453        0.003454359       0.0007959448    0.003915659    0.001589469             NA             NA
3     CPF     none  NA 20                1  9.372086 0.05719620   0.002872210  7.945821e-05     0.1436105   0.003972911        0.003549389       0.0008608459    0.015576977    0.002382627             NA             NA
4      KM     none  NA 20                1  9.365637 0.05716174   0.002702033  1.024342e-04     0.1351016   0.005121708        0.003454712       0.0007961457    0.003860951    0.001595828             NA             NA
5      LM     none  NA 20                1  9.364741 0.05721613   0.002869547  7.845755e-05     0.1434774   0.003922878        0.003442363       0.0007963830    0.000000000    0.000000000             NA             NA
6     OBS     none  NA 20                1  9.366314 0.05716888   0.002869935  7.883340e-05     0.1434968   0.003941670        0.003444930       0.0007969980    0.004831189    0.001113520             NA             NA
7     BLM     none  NA 20                1 10.585047 0.06708269   0.008510980  1.431730e-04     0.4255490   0.007158652        0.013038839       0.0027722601    0.025890339    0.002742094             NA             NA
8    CIRG     none  NA 20                1 10.568462 0.06657823   0.007489666  2.782740e-04     0.3744833   0.013913701        0.013544209       0.0027648169    0.014263727    0.003901607             NA             NA
9     CPF     none  NA 20                1 10.577411 0.06688201   0.008505499  1.422930e-04     0.4252749   0.007114650        0.012616836       0.0025509801    0.016517665    0.002235060             NA             NA
10     KM     none  NA 20                1 10.569391 0.06644954   0.007496681  2.788689e-04     0.3748341   0.013943445        0.013535410       0.0027640610    0.014161613    0.003919995             NA             NA
11     LM     none  NA 20                1 10.570213 0.06673606   0.008500714  1.404962e-04     0.4250357   0.007024810        0.013331512       0.0027265999    0.000000000    0.000000000             NA             NA
12    OBS     none  NA 20                1 10.572268 0.06688755   0.008500786  1.411049e-04     0.4250393   0.007055245        0.013335762       0.0027275005    0.005297774    0.001182163             NA             NA
   Var_e_hat_mean Var_e_hat_MCSE Var_a_MSE_mean Var_a_MSE_MCSE Var_b_MSE_mean Var_b_MSE_MCSE Var_e_MSE_mean Var_e_MSE_MCSE G_MSE_mean G_MSE_MCSE selected_K_mean selected_K_MCSE runtime_mean runtime_MCSE iterations_mean
1        9.271723     0.03234434      0.2273279    0.002584432             NA             NA     0.09371030     0.01592758         NA         NA            6.95       0.0500000      0.17170 0.0125876088           17.40
2        9.287306     0.03272328      0.2461477    0.001554400             NA             NA     0.10289036     0.01706096         NA         NA            2.50       0.2946898     17.27860 1.0868634577           24.80
3        9.276441     0.03240842      0.2347735    0.002295423             NA             NA     0.09637536     0.01624765         NA         NA           11.25       0.4095890      0.39375 0.0469311296           35.70
4        9.287363     0.03272120      0.2462023    0.001560781             NA             NA     0.10292064     0.01706089         NA         NA            2.00       0.0000000     66.81700 5.4388286292           19.75
5        9.288985     0.03271596      0.2500000    0.000000000             NA             NA     0.10384892     0.01718381         NA         NA            1.00       0.0000000      0.01675 0.0009173044            1.00
6        9.284395     0.03242079      0.2452157    0.001093476             NA             NA     0.10085141     0.01679322         NA         NA           20.00       0.0000000      0.82575 0.0746562605           80.30
7       10.491597     0.03482512      4.9468066    0.012183841             NA             NA     2.24790609     0.10320145         NA         NA            6.95       0.0500000      0.18295 0.0138194133           17.25
8       10.505367     0.03506756      4.9988059    0.017383723             NA             NA     2.28949359     0.10481763         NA         NA            2.40       0.2846974     16.33220 1.1946839278           25.40
9       10.497968     0.03489380      4.9885383    0.009979815             NA             NA     2.26704106     0.10393661         NA         NA           11.40       0.2937955      0.42220 0.0475320169           41.15
10      10.505477     0.03506351      4.9992653    0.017466581             NA             NA     2.28981968     0.10480485         NA         NA            2.00       0.0000000     64.61145 5.1920537476           19.45
11      10.511205     0.03509072      5.0625000    0.000000000             NA             NA     2.30713640     0.10535696         NA         NA            1.00       0.0000000      0.01820 0.0013349552            1.00
12      10.506151     0.03482953      5.0387146    0.005296514             NA             NA     2.29153857     0.10430360         NA         NA           20.00       0.0000000      0.92340 0.0844753904           86.50
   iterations_MCSE group_ARI_mean group_ARI_MCSE objective_mean objective_MCSE I_optimal_mean I_optimal_MCSE IMSPE_selected_mean IMSPE_selected_MCSE case R_setting Var_a_setting
1         1.512057  -4.677395e-04   0.0001885442             NA             NA             NA             NA                  NA                  NA   14        20          0.50
2         3.002280   2.004673e-02   0.0011435677      -9.351182     0.03297252     0.06596950   0.0009670087            9.351182          0.03297252   14        20          0.50
3         5.602208  -3.801172e-04   0.0002495489             NA             NA             NA             NA                  NA                  NA   14        20          0.50
4         1.038407   2.019517e-02   0.0015053702             NA             NA             NA             NA                  NA                  NA   14        20          0.50
5         0.000000             NA             NA             NA             NA             NA             NA                  NA                  NA   14        20          0.50
6         5.007416  -3.373013e-05   0.0001038553             NA             NA             NA             NA                  NA                  NA   14        20          0.50
7         1.490099  -1.929148e-04   0.0002931143             NA             NA             NA             NA                  NA                  NA   14        20          2.25
8         4.717493   2.019024e-02   0.0011267668     -10.577938     0.03535092     0.08003827   0.0021596116           10.577938          0.03535092   14        20          2.25
9         6.112229  -6.792741e-04   0.0003217808             NA             NA             NA             NA                  NA                  NA   14        20          2.25
10        2.091933   2.019517e-02   0.0015053702             NA             NA             NA             NA                  NA                  NA   14        20          2.25
11        0.000000             NA             NA             NA             NA             NA             NA                  NA                  NA   14        20          2.25
12        5.708489  -3.373013e-05   0.0001038553             NA             NA             NA             NA                  NA                  NA   14        20          2.25
