Host: erc-hpc-comp015
MODEL=RI CASE=15 R_LIST=50 VAR_A_LIST=0.5,2.25
LABEL_POLICY=unknown MIS_TYPE=none RHO=0 LAMBDA=0 CIRG_CRITERION=IMSPE
NLOOP=20 SA_MAX=25 EM_MAX=300 K_GRID_POINTS=8 N_CORES=8
============================================================
Method comparison
MODEL=RI cases=15 label_policy=unknown misspec=none rho=0
N=2500 p=50 R=50 Var.a=0.5,2.25
nloop=20 tau=255 lambda=0 CIRG_CRITERION=IMSPE
Budgets: SA_MAX=25 EM_MAX=300 K_GRID_POINTS=8 KMEANS_NUM_INIT=1 KMEANS_MAX_ITERS=25 CPF_LAMBDA_POINTS=6 CPF_MAX_ITER=300 BLM_NSTART=5 N_CORES=8
Methods: LM, KM, OBS, CPF, BLM, CIRG
============================================================

Running case=15 R=50 Var.a=0.5
Saved: results_comparison/RI_case15_R50_vara0.5_lambda0_none.rds 

Running case=15 R=50 Var.a=2.25
Saved: results_comparison/RI_case15_R50_vara2.25_lambda0_none.rds 

Finished. Elapsed minutes: 9.19185 
Saved combined: results_comparison/RI_cases15_R50_vara0.50-2.25_grid_lambda0_none.rds 

   method mis_type rho  n convergence_rate MSPE_mean  MSPE_MCSE beta_MSE_mean beta_MSE_MCSE beta_SSE_mean beta_SSE_MCSE intercept_MSE_mean intercept_MSE_MCSE Var_a_hat_mean Var_a_hat_MCSE Var_b_hat_mean Var_b_hat_MCSE
1     BLM     none  NA 20                1 10.006390 0.05316869   0.003305594  0.0001557535     0.1652797   0.007787675         0.04414034        0.005742877   0.0637620078   4.230596e-03             NA             NA
2    CIRG     none  NA 20                1  9.968987 0.05277967   0.003315193  0.0001549669     0.1657596   0.007748345         0.04192307        0.004781332   0.0011503559   8.123366e-04             NA             NA
3     CPF     none  NA 20                1  9.990631 0.05390604   0.003302574  0.0001538952     0.1651287   0.007694762         0.05235380        0.014192468   0.1214749974   1.167781e-02             NA             NA
4      KM     none  NA 20                1  9.968552 0.05280756   0.003304451  0.0001550438     0.1652226   0.007752191         0.04191393        0.004777577   0.0001694440   4.542356e-06             NA             NA
5      LM     none  NA 20                1  9.968530 0.05281049   0.003305253  0.0001549201     0.1652626   0.007746004         0.04191367        0.004778538   0.0000000000   0.000000e+00             NA             NA
6     OBS     none  NA 20                1  9.969208 0.05278704   0.003304635  0.0001550096     0.1652318   0.007750481         0.04191595        0.004779818   0.0053136650   1.276287e-03             NA             NA
7     BLM     none  NA 20                1 13.266911 0.13576690   0.009274200  0.0004023660     0.4637100   0.020118298         0.19056636        0.017525761   0.0858795196   6.191481e-03             NA             NA
8    CIRG     none  NA 20                1 13.217556 0.13424677   0.009262617  0.0004015702     0.4631308   0.020078512         0.19908592        0.017356285   0.0015498134   7.943447e-04             NA             NA
9     CPF     none  NA 20                1 13.239591 0.13693468   0.009279002  0.0004011286     0.4639501   0.020056429         0.22900077        0.044876347   0.1598905865   1.534569e-02             NA             NA
10     KM     none  NA 20                1 13.217115 0.13425860   0.009261269  0.0004009789     0.4630634   0.020048945         0.19910835        0.017342324   0.0002035577   7.778075e-06             NA             NA
11     LM     none  NA 20                1 13.217098 0.13426194   0.009263075  0.0004009747     0.4631538   0.020048733         0.19911273        0.017343794   0.0000000000   0.000000e+00             NA             NA
12    OBS     none  NA 20                1 13.217880 0.13421195   0.009261630  0.0004009569     0.4630815   0.020047843         0.19911820        0.017346220   0.0067414998   1.679070e-03             NA             NA
   Var_e_hat_mean Var_e_hat_MCSE Var_a_MSE_mean Var_a_MSE_MCSE Var_b_MSE_mean Var_b_MSE_MCSE Var_e_MSE_mean Var_e_MSE_MCSE G_MSE_mean G_MSE_MCSE selected_K_mean selected_K_MCSE runtime_mean runtime_MCSE iterations_mean
1        9.792105     0.04684604      0.1906436   3.600844e-03             NA             NA      0.6691261     0.07393820         NA         NA            9.85      0.08191780      0.12460  0.007925110           11.85
2        9.840665     0.04717268      0.2488635   7.987906e-04             NA             NA      0.7489972     0.07900978         NA         NA            3.70      0.66924938     19.64470  1.799699240           33.40
3        9.816968     0.04772102      0.1458722   8.426224e-03             NA             NA      0.7107047     0.07809261         NA         NA            4.80      0.31288135      0.42065  0.024601484           13.95
4        9.841527     0.04721392      0.2498306   4.540675e-06             NA             NA      0.7505224     0.07912464         NA         NA            2.00      0.00000000     65.83440  5.912511608           20.80
5        9.841424     0.04721566      0.2500000   0.000000e+00             NA             NA      0.7503514     0.07911781         NA         NA            1.00      0.00000000      0.01185  0.001122204            1.00
6        9.836557     0.04700963      0.2447455   1.243672e-03             NA             NA      0.7418158     0.07837549         NA         NA           50.00      0.00000000      1.69765  0.151191483          163.05
7       12.990669     0.12840965      4.6841458   2.675102e-02             NA             NA     16.2387294     1.00722611         NA         NA            9.80      0.09176629      0.11550  0.003157697           12.10
8       13.054779     0.12900584      5.0555402   3.564746e-03             NA             NA     16.7574376     1.02830959         NA         NA            3.45      0.65484028     20.12455  2.103795523           36.00
9       13.026918     0.12859727      4.3730317   6.354132e-02             NA             NA     16.5302782     1.01815386         NA         NA            4.60      0.33560629      0.37300  0.004753392           14.00
10      13.055926     0.12889177      5.0615840   3.499771e-05             NA             NA     16.7661861     1.02780782         NA         NA            2.00      0.00000000     56.26955  4.392441930           23.75
11      13.055811     0.12889528      5.0625000   0.000000e+00             NA             NA     16.7652718     1.02780339         NA         NA            1.00      0.00000000      0.01170  0.001049060            1.00
12      13.049587     0.12873544      5.0322623   7.506141e-03             NA             NA     16.7140374     1.02501769         NA         NA           50.00      0.00000000      1.76165  0.162141187          187.50
   iterations_MCSE group_ARI_mean group_ARI_MCSE objective_mean objective_MCSE I_optimal_mean I_optimal_MCSE IMSPE_selected_mean IMSPE_selected_MCSE case R_setting Var_a_setting
1        0.4057157   3.821300e-05   1.012851e-04             NA             NA             NA             NA                  NA                  NA   15        50          0.50
2        4.8506104   1.025381e-03   1.716847e-04      -9.908492     0.04752337     0.06777225   0.0003978224            9.908492          0.04752337   15        50          0.50
3        1.1864920   4.749485e-05   6.756671e-05             NA             NA             NA             NA                  NA                  NA   15        50          0.50
4        1.2599081   9.746984e-04   1.826892e-04             NA             NA             NA             NA                  NA                  NA   15        50          0.50
5        0.0000000             NA             NA             NA             NA             NA             NA                  NA                  NA   15        50          0.50
6        7.7311656  -1.043958e-04   1.635189e-04             NA             NA             NA             NA                  NA                  NA   15        50          0.50
7        0.4097496  -2.724144e-05   1.047240e-04             NA             NA             NA             NA                  NA                  NA   15        50          2.25
8        5.1564982   1.099132e-03   1.725294e-04     -13.144759     0.12987530     0.09001292   0.0008956809           13.144759          0.12987530   15        50          2.25
9        0.6488857   7.680434e-05   4.928804e-05             NA             NA             NA             NA                  NA                  NA   15        50          2.25
10       1.5059094   9.746984e-04   1.826892e-04             NA             NA             NA             NA                  NA                  NA   15        50          2.25
11       0.0000000             NA             NA             NA             NA             NA             NA                  NA                  NA   15        50          2.25
12      10.3713928  -1.043958e-04   1.635189e-04             NA             NA             NA             NA                  NA                  NA   15        50          2.25
