Host: erc-hpc-comp002
MODEL=RS CASE=7 R_LIST=10 VAR_A_LIST=0.5,2.25
LABEL_POLICY=unknown MIS_TYPE=none RHO=0 LAMBDA=0 CIRG_CRITERION=IMSPE
NLOOP=20 SA_MAX=25 EM_MAX=300 K_GRID_POINTS=8 N_CORES=8
============================================================
Method comparison
MODEL=RS cases=7 label_policy=unknown misspec=none rho=0
N=2500 p=50 R=10 Var.a=0.5,2.25
nloop=20 tau=255 lambda=0 CIRG_CRITERION=IMSPE
Budgets: SA_MAX=25 EM_MAX=300 K_GRID_POINTS=8 KMEANS_NUM_INIT=1 KMEANS_MAX_ITERS=25 CPF_LAMBDA_POINTS=6 CPF_MAX_ITER=300 BLM_NSTART=5 N_CORES=8
Methods: LM, KM, OBS, CPF, BLM, CIRG
============================================================

Running case=7 R=10 Var.a=0.5
Saved: results_comparison/RS_case7_R10_vara0.5_varb0.1_lambda0_none.rds 

Running case=7 R=10 Var.a=2.25
Saved: results_comparison/RS_case7_R10_vara2.25_varb0.1_lambda0_none.rds 

Finished. Elapsed minutes: 15.36397 
Saved combined: results_comparison/RS_cases7_R10_vara0.50-2.25_varb0.1_grid_lambda0_none.rds 

   method mis_type rho  n convergence_rate MSPE_mean MSPE_MCSE beta_MSE_mean beta_MSE_MCSE beta_SSE_mean beta_SSE_MCSE intercept_MSE_mean intercept_MSE_MCSE Var_a_hat_mean Var_a_hat_MCSE Var_b_hat_mean Var_b_hat_MCSE
1     BLM     none  NA 20              1.0  31.84844  2.161424    0.01809346   0.001206969     0.9046731    0.06034847         0.05811305         0.01601121   0.0001561200   1.031404e-05   1.197843e-04   7.938051e-06
2    CIRG     none  NA 20              0.8  31.84909  2.160961    0.01808120   0.001200773     0.9040602    0.06003867         0.05804513         0.01597856   0.0005310207   9.893566e-05   8.420198e-05   1.478632e-05
3     CPF     none  NA 20              1.0  31.87561  2.162285    0.01810892   0.001209987     0.9054462    0.06049937         0.05858687         0.01695772   0.0159568976   3.424201e-03   5.922282e-04   3.462474e-05
4      KM     none  NA 20              1.0  31.84835  2.161408    0.01809346   0.001207062     0.9046732    0.06035311         0.05782110         0.01590994   0.0003998003   2.293683e-05   5.979183e-05   3.247883e-06
5      LM     none  NA 20              1.0  31.84844  2.161424    0.01809346   0.001206969     0.9046731    0.06034847         0.05811305         0.01601121   0.0000000000   0.000000e+00             NA             NA
6     OBS     none  NA 20              1.0  31.87463  2.163134    0.01811026   0.001210989     0.9055129    0.06054943         0.05811627         0.01603947   0.0110540317   2.842089e-03   6.172835e-04   2.646990e-05
7     BLM     none  NA 20              1.0  33.34385  2.127960    0.01827309   0.001211559     0.9136547    0.06057795         0.24372776         0.07295028   0.0001631505   1.006025e-05   1.251774e-04   7.745335e-06
8    CIRG     none  NA 20              0.9  33.34476  2.127431    0.01826145   0.001205168     0.9130726    0.06025842         0.24359896         0.07287075   0.0005482187   1.080755e-04   8.555930e-05   1.465024e-05
9     CPF     none  NA 20              1.0  33.36170  2.127790    0.01827852   0.001212034     0.9139258    0.06060170         0.24126260         0.07414191   0.0153628949   3.587041e-03   5.894650e-04   3.196880e-05
10     KM     none  NA 20              1.0  33.34372  2.127935    0.01827301   0.001211629     0.9136504    0.06058146         0.24311402         0.07276127   0.0004051042   2.138736e-05   6.116196e-05   3.054370e-06
11     LM     none  NA 20              1.0  33.34385  2.127960    0.01827309   0.001211559     0.9136547    0.06057795         0.24372776         0.07295028   0.0000000000   0.000000e+00             NA             NA
12    OBS     none  NA 20              1.0  33.36833  2.128967    0.01829027   0.001215463     0.9145133    0.06077316         0.24373901         0.07299283   0.0122484053   3.207796e-03   6.561719e-04   3.009576e-05
   Var_e_hat_mean Var_e_hat_MCSE Var_a_MSE_mean Var_a_MSE_MCSE Var_b_MSE_mean Var_b_MSE_MCSE Var_e_MSE_mean Var_e_MSE_MCSE   G_MSE_mean   G_MSE_MCSE selected_K_mean selected_K_MCSE runtime_mean runtime_MCSE
1        31.55864       2.084399      0.2498439   1.031064e-05    0.009976059   1.585601e-06       591.4417       102.6311 0.0002878304 3.444463e-08            1.00       0.0000000      0.35660 0.0036218634
2        31.54670       2.083590      0.2494694   9.873611e-05    0.009983171   2.952739e-06       590.8394       102.5296 0.0002878231 9.228080e-08            3.45       0.6046965     69.55195 6.9939262516
3        31.50747       2.082358      0.2345205   3.306166e-03    0.009881928   6.884194e-06       588.9743       102.3007 0.0002801295 1.271301e-06            8.35       0.2741014      1.65265 0.0577372121
4        31.55396       2.084030      0.2496004   2.292041e-05    0.009988045   6.491985e-07       591.2017       102.5912 0.0002879672 2.101531e-08            2.00       0.0000000     71.40655 4.9775898879
5        31.54891       2.083756      0.2500000   0.000000e+00             NA             NA       590.9521       102.5564           NA           NA            1.00       0.0000000      0.01905 0.0001983484
6        31.50840       2.082857      0.2392216   2.750214e-03    0.009876938   5.261912e-06       589.0555       102.3423 0.0002818410 1.085251e-06           10.00       0.0000000      1.99430 0.1266179936
7        32.97987       2.033097      5.0617659   4.526768e-05    0.009974981   1.547029e-06       653.5703       105.4280 0.0021378373 4.714279e-08            1.00       0.0000000      0.33515 0.0023522386
8        32.96762       2.032139      5.0600335   4.861030e-04    0.009982900   2.925719e-06       652.9091       105.3169 0.0021373235 2.386637e-07            3.45       0.6046965     68.35965 6.6471071105
9        32.93010       2.030977      4.9938475   1.600223e-02    0.009882474   6.349925e-06       651.0224       105.0941 0.0021099466 6.186395e-06            8.65       0.2086927      1.63875 0.0727967565
10       32.97493       2.032737      5.0606772   9.622717e-05    0.009987772   6.105047e-07       653.3056       105.3874 0.0021376647 4.820516e-08            2.00       0.0000000     65.74860 4.6709242579
11       32.96970       2.032470      5.0625000   0.000000e+00             NA             NA       653.0345       105.3518           NA           NA            1.00       0.0000000      0.01710 0.0001905670
12       32.92587       2.031648      5.0077277   1.431548e-02    0.009869213   5.975117e-06       650.8716       105.1239 0.0021150282 5.523182e-06           10.00       0.0000000      1.72740 0.0657691497
   iterations_mean iterations_MCSE group_ARI_mean group_ARI_MCSE objective_mean objective_MCSE I_optimal_mean I_optimal_MCSE IMSPE_selected_mean IMSPE_selected_MCSE case R_setting Var_a_setting
1            27.00        0.000000   0.0000000000   0.000000e+00             NA             NA             NA             NA                  NA                  NA    7        10          0.50
2           176.25       19.673904  -0.0002080962   1.821808e-04      -31.76864       2.098011      0.2307245     0.01533463            31.76864            2.098011    7        10          0.50
3           111.85        3.684445  -0.0001564185   2.735682e-04             NA             NA             NA             NA                  NA                  NA    7        10          0.50
4           111.35        5.305546  -0.0001036174   8.237979e-05             NA             NA             NA             NA                  NA                  NA    7        10          0.50
5             1.00        0.000000             NA             NA             NA             NA             NA             NA                  NA                  NA    7        10          0.50
6           127.65        5.851349  -0.0002519361   1.109870e-04             NA             NA             NA             NA                  NA                  NA    7        10          0.50
7            27.00        0.000000   0.0000000000   0.000000e+00             NA             NA             NA             NA                  NA                  NA    7        10          2.25
8           177.15       19.408798  -0.0002080962   1.821808e-04      -33.19940       2.046241      0.2408453     0.01503197            33.19940            2.046241    7        10          2.25
9           118.55        5.301676  -0.0001425716   2.799628e-04             NA             NA             NA             NA                  NA                  NA    7        10          2.25
10          112.35        4.898053  -0.0001036174   8.237979e-05             NA             NA             NA             NA                  NA                  NA    7        10          2.25
11            1.00        0.000000             NA             NA             NA             NA             NA             NA                  NA                  NA    7        10          2.25
12          126.85        4.464052  -0.0002519361   1.109870e-04             NA             NA             NA             NA                  NA                  NA    7        10          2.25
