Host: erc-hpc-comp188
MODEL=RS CASE=14 R_LIST=20 VAR_A_LIST=0.5,2.25
LABEL_POLICY=unknown MIS_TYPE=none RHO=0 LAMBDA=0 CIRG_CRITERION=IMSPE
NLOOP=20 SA_MAX=25 EM_MAX=300 K_GRID_POINTS=8 N_CORES=8
============================================================
Method comparison
MODEL=RS cases=14 label_policy=unknown misspec=none rho=0
N=2500 p=50 R=20 Var.a=0.5,2.25
nloop=20 tau=255 lambda=0 CIRG_CRITERION=IMSPE
Budgets: SA_MAX=25 EM_MAX=300 K_GRID_POINTS=8 KMEANS_NUM_INIT=1 KMEANS_MAX_ITERS=25 CPF_LAMBDA_POINTS=6 CPF_MAX_ITER=300 BLM_NSTART=5 N_CORES=8
Methods: LM, KM, OBS, CPF, BLM, CIRG
============================================================

Running case=14 R=20 Var.a=0.5
Saved: results_comparison/RS_case14_R20_vara0.5_varb0.1_lambda0_none.rds 

Running case=14 R=20 Var.a=2.25
Saved: results_comparison/RS_case14_R20_vara2.25_varb0.1_lambda0_none.rds 

Finished. Elapsed minutes: 8.938833 
Saved combined: results_comparison/RS_cases14_R20_vara0.50-2.25_varb0.1_grid_lambda0_none.rds 

   method mis_type rho  n convergence_rate MSPE_mean MSPE_MCSE beta_MSE_mean beta_MSE_MCSE beta_SSE_mean beta_SSE_MCSE intercept_MSE_mean intercept_MSE_MCSE Var_a_hat_mean Var_a_hat_MCSE Var_b_hat_mean Var_b_hat_MCSE
1     BLM     none  NA 20                1  15.06338 0.1470265   0.004713146  0.0003422825     0.2356573    0.01711412         0.54658041         0.01946655   7.684086e-05   2.628791e-07   7.637186e-05   2.836702e-07
2    CIRG     none  NA 20                1  13.74724 0.1269345   0.004093781  0.0002663776     0.2046891    0.01331888         0.04240709         0.01018958   7.480270e-03   2.343320e-03   2.654751e-02   1.227020e-03
3     CPF     none  NA 20                1  15.07384 0.1480792   0.004706938  0.0003428358     0.2353469    0.01714179         0.54408679         0.02047515   1.421959e-02   3.092589e-03   9.280774e-04   3.546503e-05
4      KM     none  NA 20                1  13.90382 0.1552995   0.004073067  0.0002656007     0.2036534    0.01328003         0.08710742         0.03528112   6.805612e-03   2.355822e-03   2.433351e-02   2.221566e-03
5      LM     none  NA 20                1  15.06338 0.1470265   0.004713146  0.0003422825     0.2356573    0.01711412         0.54658041         0.01946655   0.000000e+00   0.000000e+00             NA             NA
6     OBS     none  NA 20                1  15.06885 0.1468999   0.004719048  0.0003428511     0.2359524    0.01714255         0.54663134         0.01940428   4.591247e-03   1.322153e-03   1.574992e-03   9.532816e-05
7     BLM     none  NA 20                1  16.24703 0.1598835   0.010436920  0.0005911862     0.5218460    0.02955931         0.56251679         0.03892870   8.307751e-05   3.041733e-07   8.257025e-05   3.224749e-07
8    CIRG     none  NA 20                1  14.93934 0.1407963   0.008947514  0.0004671953     0.4473757    0.02335977         0.05534737         0.01117037   1.857869e-02   4.791063e-03   2.618285e-02   1.255835e-03
9     CPF     none  NA 20                1  16.25842 0.1606274   0.010421887  0.0005877463     0.5210943    0.02938732         0.55782205         0.03964201   1.854421e-02   2.725832e-03   9.396611e-04   3.863197e-05
10     KM     none  NA 20                1  15.09608 0.1711234   0.008943857  0.0004694235     0.4471929    0.02347117         0.09403416         0.03088859   1.733342e-02   4.875005e-03   2.394260e-02   2.218659e-03
11     LM     none  NA 20                1  16.24703 0.1598835   0.010436920  0.0005911862     0.5218460    0.02955931         0.56251679         0.03892870   0.000000e+00   0.000000e+00             NA             NA
12    OBS     none  NA 20                1  16.25238 0.1600923   0.010443798  0.0005927397     0.5221899    0.02963698         0.56251838         0.03887151   4.930831e-03   1.318700e-03   1.693937e-03   1.106566e-04
   Var_e_hat_mean Var_e_hat_MCSE Var_a_MSE_mean Var_a_MSE_MCSE Var_b_MSE_mean Var_b_MSE_MCSE Var_e_MSE_mean Var_e_MSE_MCSE   G_MSE_mean   G_MSE_MCSE selected_K_mean selected_K_MCSE runtime_mean runtime_MCSE
1        14.94999     0.05206023      0.2499232   2.628389e-07    0.009984731   5.669095e-08       35.45391      0.6106708 0.0002880276 1.190121e-09            1.00       0.0000000      0.35205 0.0146588351
2        13.75128     0.05036559      0.2426800   2.277985e-03    0.005423874   1.845443e-04       22.62288      0.4670986 0.0001975678 3.790254e-06            2.60       0.3933660     22.54435 2.5238185879
3        14.89970     0.05180694      0.2361643   2.970592e-03    0.009815270   7.018270e-06       34.85742      0.6021523 0.0002794801 1.097685e-06           12.25       0.3234274      2.22270 0.1088214883
4        13.86744     0.09722321      0.2433462   2.289584e-03    0.005819189   3.672387e-04       23.87157      0.9968461 0.0002054231 7.351070e-06            2.00       0.0000000     63.87855 4.8890952115
5        14.94607     0.05204657      0.2500000   0.000000e+00             NA             NA       35.40720      0.6101046           NA           NA            1.00       0.0000000      0.02210 0.0024972617
6        14.87302     0.05211045      0.2454630   1.300726e-03    0.009687655   1.870438e-05       34.54399      0.6039523 0.0002806020 5.048390e-07           20.00       0.0000000      5.43725 0.4306444612
7        16.16338     0.06003812      5.0621262   1.368730e-06    0.009983493   6.444208e-08       51.38245      0.8467852 0.0021381395 1.762104e-09            1.00       0.0000000      0.36275 0.0162196883
8        14.97227     0.05606638      4.9796772   2.131256e-02    0.005478938   1.880840e-04       35.72775      0.6563808 0.0020198478 9.722813e-06            2.60       0.3933660     21.99100 2.2122076114
9        16.11083     0.05949309      4.9795361   1.216356e-02    0.009812979   7.644527e-06       50.63109      0.8318876 0.0021031084 4.674165e-06           11.55       0.3032716      2.02290 0.1189112429
10       15.08987     0.10513593      4.9852516   2.168620e-02    0.005878255   3.657190e-04       37.29657      1.3359596 0.0020296672 1.265715e-05            2.00       0.0000000     63.66100 5.2672939872
11       16.15913     0.06002237      5.0625000   0.000000e+00             NA             NA       51.32165      0.8460574           NA           NA            1.00       0.0000000      0.01665 0.0009901488
12       16.08070     0.05925865      5.0403686   5.913539e-03    0.009664315   2.165942e-05       50.20305      0.8268472 0.0021236387 2.174383e-06           20.00       0.0000000      4.32075 0.2205465206
   iterations_mean iterations_MCSE group_ARI_mean group_ARI_MCSE objective_mean objective_MCSE I_optimal_mean I_optimal_MCSE IMSPE_selected_mean IMSPE_selected_MCSE case R_setting Var_a_setting
1            26.00        0.000000   0.000000e+00   0.0000000000             NA             NA             NA             NA                  NA                  NA   14        20          0.50
2            37.10        6.110776   2.050789e-02   0.0009174432      -13.95747     0.06061058      0.7294848     0.04923892            13.95747          0.06061058   14        20          0.50
3           151.10        5.662852   3.392557e-04   0.0002262068             NA             NA             NA             NA                  NA                  NA   14        20          0.50
4            28.55        2.322062   2.019517e-02   0.0015053702             NA             NA             NA             NA                  NA                  NA   14        20          0.50
5             1.00        0.000000             NA             NA             NA             NA             NA             NA                  NA                  NA   14        20          0.50
6           244.80        4.718720  -3.373013e-05   0.0001038553             NA             NA             NA             NA                  NA                  NA   14        20          0.50
7            26.00        0.000000   0.000000e+00   0.0000000000             NA             NA             NA             NA                  NA                  NA   14        20          2.25
8            35.15        5.692227   2.050789e-02   0.0009174432      -15.19477     0.06722438      0.7342751     0.04984864            15.19477          0.06722438   14        20          2.25
9           140.65        6.792905   2.293697e-04   0.0002916398             NA             NA             NA             NA                  NA                  NA   14        20          2.25
10           28.20        3.545642   2.019517e-02   0.0015053702             NA             NA             NA             NA                  NA                  NA   14        20          2.25
11            1.00        0.000000             NA             NA             NA             NA             NA             NA                  NA                  NA   14        20          2.25
12          244.50        4.869616  -3.373013e-05   0.0001038553             NA             NA             NA             NA                  NA                  NA   14        20          2.25
