Host: erc-hpc-comp188
MODEL=RI CASE=8 R_LIST=10 VAR_A_LIST=0.5,2.25
LABEL_POLICY=unknown MIS_TYPE=none RHO=0 LAMBDA=0 CIRG_CRITERION=IMSPE
NLOOP=20 SA_MAX=25 EM_MAX=300 K_GRID_POINTS=8 N_CORES=8
============================================================
Method comparison
MODEL=RI cases=8 label_policy=unknown misspec=none rho=0
N=2500 p=50 R=10 Var.a=0.5,2.25
nloop=20 tau=255 lambda=0 CIRG_CRITERION=IMSPE
Budgets: SA_MAX=25 EM_MAX=300 K_GRID_POINTS=8 KMEANS_NUM_INIT=1 KMEANS_MAX_ITERS=25 CPF_LAMBDA_POINTS=6 CPF_MAX_ITER=300 BLM_NSTART=5 N_CORES=8
Methods: LM, KM, OBS, CPF, BLM, CIRG
============================================================

Running case=8 R=10 Var.a=0.5
Saved: results_comparison/RI_case8_R10_vara0.5_lambda0_none.rds 

Running case=8 R=10 Var.a=2.25
Saved: results_comparison/RI_case8_R10_vara2.25_lambda0_none.rds 

Finished. Elapsed minutes: 7.058617 
Saved combined: results_comparison/RI_cases8_R10_vara0.50-2.25_grid_lambda0_none.rds 

   method mis_type rho  n convergence_rate MSPE_mean  MSPE_MCSE beta_MSE_mean beta_MSE_MCSE beta_SSE_mean beta_SSE_MCSE intercept_MSE_mean intercept_MSE_MCSE Var_a_hat_mean Var_a_hat_MCSE Var_b_hat_mean Var_b_hat_MCSE
1     BLM     none  NA 20                1  9.505715 0.08486239   0.002186350  0.0001005092     0.1093175   0.005025461         0.05778849         0.01674943   0.0043630326   1.273261e-03             NA             NA
2    CIRG     none  NA 20                1  9.502376 0.08460888   0.002181826  0.0001010678     0.1090913   0.005053390         0.05808267         0.01680205   0.0001733391   7.621411e-06             NA             NA
3     CPF     none  NA 20                1  9.504695 0.08476740   0.002185996  0.0001007317     0.1092998   0.005036583         0.05821661         0.01688132   0.0034102589   1.143192e-03             NA             NA
4      KM     none  NA 20                1  9.502387 0.08460633   0.002181826  0.0001010678     0.1090913   0.005053390         0.05808267         0.01680205   0.0001733391   7.621411e-06             NA             NA
5      LM     none  NA 20                1  9.503670 0.08472240   0.002182119  0.0001011026     0.1091059   0.005055132         0.05808470         0.01680294   0.0000000000   0.000000e+00             NA             NA
6     OBS     none  NA 20                1  9.504099 0.08484627   0.002184997  0.0001006359     0.1092499   0.005031796         0.05808673         0.01680349   0.0021689046   7.163255e-04             NA             NA
7     BLM     none  NA 20                1 10.966298 0.22881084   0.002505621  0.0001078464     0.1252811   0.005392320         0.25306388         0.07745707   0.0045311119   1.259352e-03             NA             NA
8    CIRG     none  NA 20                1 10.962159 0.22833395   0.002501085  0.0001084582     0.1250543   0.005422908         0.24979233         0.07578772   0.0001991300   1.405499e-05             NA             NA
9     CPF     none  NA 20                1 10.965235 0.22876372   0.002504370  0.0001080534     0.1252185   0.005402670         0.25083443         0.07630304   0.0029738444   8.569623e-04             NA             NA
10     KM     none  NA 20                1 10.962177 0.22833147   0.002501085  0.0001084582     0.1250543   0.005422908         0.24979233         0.07578772   0.0001991300   1.405499e-05             NA             NA
11     LM     none  NA 20                1 10.964025 0.22864229   0.002501547  0.0001085148     0.1250774   0.005425741         0.24979945         0.07579001   0.0000000000   0.000000e+00             NA             NA
12    OBS     none  NA 20                1 10.964525 0.22877496   0.002503714  0.0001081244     0.1251857   0.005406221         0.24980694         0.07579235   0.0021440812   6.817350e-04             NA             NA
   Var_e_hat_mean Var_e_hat_MCSE Var_a_MSE_mean Var_a_MSE_MCSE Var_b_MSE_mean Var_b_MSE_MCSE Var_e_MSE_mean Var_e_MSE_MCSE G_MSE_mean G_MSE_MCSE selected_K_mean selected_K_MCSE runtime_mean runtime_MCSE iterations_mean
1        9.311480     0.04804699      0.2456868   1.250949e-03             NA             NA      0.1408818     0.03756561         NA         NA             5.8      0.11697953      0.39955  0.045711882           37.40
2        9.315208     0.04798513      0.2498267   7.618296e-06             NA             NA      0.1431050     0.03760439         NA         NA             2.0      0.00000000     18.07190  1.525578948           20.00
3        9.312287     0.04802952      0.2466262   1.122060e-03             NA             NA      0.1413530     0.03758059         NA         NA             7.3      0.29109593      0.49210  0.044866991           42.65
4        9.315208     0.04798513      0.2498267   7.618296e-06             NA             NA      0.1431050     0.03760439         NA         NA             2.0      0.00000000     56.11980  4.808560734           20.00
5        9.315114     0.04799106      0.2500000   0.000000e+00             NA             NA      0.1430567     0.03760319         NA         NA             1.0      0.00000000      0.02860  0.002663990            1.00
6        9.313279     0.04801522      0.2478455   7.084562e-04             NA             NA      0.1419476     0.03760785         NA         NA            10.0      0.00000000      0.70525  0.073823291           50.00
7       10.726556     0.19530407      5.0421607   5.648005e-03             NA             NA      3.7057258     0.88979969         NA         NA             5.9      0.06882472      0.42400  0.041553327           40.50
8       10.730416     0.19529205      5.0616040   6.324002e-05             NA             NA      3.7189816     0.89023423         NA         NA             2.0      0.00000000     19.93910  1.245967252           23.25
9       10.727760     0.19528680      5.0491405   3.846264e-03             NA             NA      3.7097569     0.88991034         NA         NA             7.5      0.24602097      0.56885  0.049608747           47.15
10      10.730416     0.19529205      5.0616040   6.324002e-05             NA             NA      3.7189816     0.89023423         NA         NA             2.0      0.00000000     55.74290  4.296151853           23.25
11      10.730337     0.19530486      5.0625000   0.000000e+00             NA             NA      3.7188035     0.89029772         NA         NA             1.0      0.00000000      0.03000  0.002230176            1.00
12      10.728558     0.19528460      5.0528651   3.060549e-03             NA             NA      3.7124980     0.89001625         NA         NA            10.0      0.00000000      0.73720  0.069682574           54.05
   iterations_MCSE group_ARI_mean group_ARI_MCSE objective_mean objective_MCSE I_optimal_mean I_optimal_MCSE IMSPE_selected_mean IMSPE_selected_MCSE case R_setting Var_a_setting
1         2.957061  -9.965821e-05   2.778863e-04             NA             NA             NA             NA                  NA                  NA    8        10          0.50
2         1.020836  -4.581609e-05   8.794854e-05      -9.428443     0.04853858      0.1137554   0.0006107051            9.428443          0.04853858    8        10          0.50
3         3.177449  -7.071526e-04   2.492942e-04             NA             NA             NA             NA                  NA                  NA    8        10          0.50
4         1.020836  -3.564231e-05   5.562182e-05             NA             NA             NA             NA                  NA                  NA    8        10          0.50
5         0.000000             NA             NA             NA             NA             NA             NA                  NA                  NA    8        10          0.50
6         2.979756  -2.519361e-04   1.109870e-04             NA             NA             NA             NA                  NA                  NA    8        10          0.50
7         3.403945  -1.735484e-05   2.392005e-04             NA             NA             NA             NA                  NA                  NA    8        10          2.25
8         1.993245  -4.581609e-05   8.794854e-05     -10.860860     0.19765482      0.1310498   0.0024189327           10.860860          0.19765482    8        10          2.25
9         3.079025  -2.210522e-04   2.927372e-04             NA             NA             NA             NA                  NA                  NA    8        10          2.25
10        1.993245  -3.564231e-05   5.562182e-05             NA             NA             NA             NA                  NA                  NA    8        10          2.25
11        0.000000             NA             NA             NA             NA             NA             NA                  NA                  NA    8        10          2.25
12        3.120792  -2.519361e-04   1.109870e-04             NA             NA             NA             NA                  NA                  NA    8        10          2.25
