Host: erc-hpc-comp189
MODEL=RI CASE=10 R_LIST=20 VAR_A_LIST=0.5,2.25
LABEL_POLICY=unknown MIS_TYPE=none RHO=0 LAMBDA=0 CIRG_CRITERION=IMSPE
NLOOP=20 SA_MAX=25 EM_MAX=300 K_GRID_POINTS=8 N_CORES=8
============================================================
Method comparison
MODEL=RI cases=10 label_policy=unknown misspec=none rho=0
N=2500 p=50 R=20 Var.a=0.5,2.25
nloop=20 tau=255 lambda=0 CIRG_CRITERION=IMSPE
Budgets: SA_MAX=25 EM_MAX=300 K_GRID_POINTS=8 KMEANS_NUM_INIT=1 KMEANS_MAX_ITERS=25 CPF_LAMBDA_POINTS=6 CPF_MAX_ITER=300 BLM_NSTART=5 N_CORES=8
Methods: LM, KM, OBS, CPF, BLM, CIRG
============================================================

Running case=10 R=20 Var.a=0.5
Saved: results_comparison/RI_case10_R20_vara0.5_lambda0_none.rds 

Running case=10 R=20 Var.a=2.25
Saved: results_comparison/RI_case10_R20_vara2.25_lambda0_none.rds 

Finished. Elapsed minutes: 8.634083 
Saved combined: results_comparison/RI_cases10_R20_vara0.50-2.25_grid_lambda0_none.rds 

   method mis_type rho  n convergence_rate MSPE_mean  MSPE_MCSE beta_MSE_mean beta_MSE_MCSE beta_SSE_mean beta_SSE_MCSE intercept_MSE_mean intercept_MSE_MCSE Var_a_hat_mean Var_a_hat_MCSE Var_b_hat_mean Var_b_hat_MCSE
1     BLM     none  NA 20                1  9.500437 0.06093678   0.003878287  0.0002048381     0.1939144    0.01024191         0.03681873        0.010789793    0.015443295   0.0019534567             NA             NA
2    CIRG     none  NA 20                1  9.430185 0.05969763   0.003870410  0.0002076822     0.1935205    0.01038411         0.03722074        0.009336020    0.239881037   0.1165715544             NA             NA
3     CPF     none  NA 20                1  9.497017 0.06107668   0.003875017  0.0002048317     0.1937509    0.01024159         0.03802784        0.010813714    0.008922382   0.0014080641             NA             NA
4      KM     none  NA 20                1  9.373007 0.06004925   0.003892436  0.0002113643     0.1946218    0.01056821         0.02720821        0.007887377    0.557041741   0.2204309447             NA             NA
5      LM     none  NA 20                1  9.494337 0.06103200   0.003879423  0.0002066769     0.1939711    0.01033384         0.03869013        0.010856987    0.000000000   0.0000000000             NA             NA
6     OBS     none  NA 20                1  9.494897 0.06103783   0.003878285  0.0002063821     0.1939143    0.01031911         0.03869053        0.010858149    0.002455182   0.0005819680             NA             NA
7     BLM     none  NA 20                1 11.080653 0.17340910   0.004528876  0.0002309201     0.2264438    0.01154600         0.15728878        0.045994905    0.017333272   0.0023625075             NA             NA
8    CIRG     none  NA 20                1 10.750502 0.16607059   0.004549194  0.0002422229     0.2274597    0.01211115         0.14296905        0.039522173    1.504770668   0.5357616505             NA             NA
9     CPF     none  NA 20                1 11.076905 0.17345055   0.004530619  0.0002315332     0.2265310    0.01157666         0.15497660        0.044418418    0.009062674   0.0016354447             NA             NA
10     KM     none  NA 20                1 10.512792 0.14803180   0.004677950  0.0002599670     0.2338975    0.01299835         0.10831032        0.032930325    3.070912141   1.0815947930             NA             NA
11     LM     none  NA 20                1 11.072885 0.17354556   0.004531492  0.0002335188     0.2265746    0.01167594         0.15616029        0.044570101    0.000000000   0.0000000000             NA             NA
12    OBS     none  NA 20                1 11.073254 0.17351479   0.004529205  0.0002329383     0.2264603    0.01164691         0.15616222        0.044572769    0.002686718   0.0007723108             NA             NA
   Var_e_hat_mean Var_e_hat_MCSE Var_a_MSE_mean Var_a_MSE_MCSE Var_b_MSE_mean Var_b_MSE_MCSE Var_e_MSE_mean Var_e_MSE_MCSE G_MSE_mean G_MSE_MCSE selected_K_mean selected_K_MCSE runtime_mean runtime_MCSE iterations_mean
1        9.358986     0.03985339      0.2348677   1.886307e-03             NA             NA     0.15904871     0.02804999         NA         NA            6.95       0.0500000      0.20545 0.0167066761           21.20
2        9.297872     0.04431609      0.3258515   1.726654e-01             NA             NA     0.12604189     0.02481049         NA         NA            3.60       0.3356063     16.60855 0.9598702283           17.50
3        9.363541     0.03987673      0.2411949   1.380789e-03             NA             NA     0.16237476     0.02830599         NA         NA           11.05       0.3871284      0.48160 0.0508206547           46.45
4        9.251092     0.04103134      0.9264600   4.622588e-01             NA             NA     0.09503528     0.02255240         NA         NA            6.00       0.0000000     69.45040 3.0284652630           10.10
5        9.371824     0.04042316      0.2500000   0.000000e+00             NA             NA     0.16929954     0.02950703         NA         NA            1.00       0.0000000      0.00960 0.0005301440            1.00
6        9.369743     0.04019424      0.2475573   5.762937e-04             NA             NA     0.16740557     0.02911374         NA         NA           20.00       0.0000000      0.77805 0.0352026072           86.90
7       10.912672     0.15331423      4.9849068   1.052577e-02             NA             NA     4.10491259     0.58038181         NA         NA            7.00       0.0000000      0.21600 0.0216189488           22.90
8       10.574735     0.15828339      6.0091371   2.922200e+00             NA             NA     2.95580859     0.50642225         NA         NA            3.80       0.3524351     13.81130 0.5689320841            8.45
9       10.918932     0.15357444      5.0218509   7.323298e-03             NA             NA     4.13041648     0.58330004         NA         NA           11.45       0.3938675      0.55230 0.0584494428           55.90
10      10.372658     0.13217414     22.9009954   1.244096e+01             NA             NA     2.21611997     0.41673817         NA         NA            6.00       0.0000000     69.14250 3.0265400860            8.40
11      10.927163     0.15406590      5.0625000   0.000000e+00             NA             NA     4.16494841     0.58663017         NA         NA            1.00       0.0000000      0.00880 0.0001376494            1.00
12      10.924900     0.15379910      5.0504283   3.465702e-03             NA             NA     4.15466983     0.58499898         NA         NA           20.00       0.0000000      0.89905 0.0483704714           93.95
   iterations_MCSE group_ARI_mean group_ARI_MCSE objective_mean objective_MCSE I_optimal_mean I_optimal_MCSE IMSPE_selected_mean IMSPE_selected_MCSE case R_setting Var_a_setting
1        2.0034181  -5.729043e-05   0.0002462772             NA             NA             NA             NA                  NA                  NA   10        20          0.50
2        4.3069711   2.681514e-01   0.0299608511      -9.364079     0.04435212      0.1306522     0.02524388            9.364079          0.04435212   10        20          0.50
3        6.0980907   6.168927e-05   0.0002930889             NA             NA             NA             NA                  NA                  NA   10        20          0.50
4        0.7742569   4.579160e-01   0.0096031273             NA             NA             NA             NA                  NA                  NA   10        20          0.50
5        0.0000000             NA             NA             NA             NA             NA             NA                  NA                  NA   10        20          0.50
6        4.0281248  -3.373013e-05   0.0001038553             NA             NA             NA             NA                  NA                  NA   10        20          0.50
7        2.6296888  -1.512751e-04   0.0001832669             NA             NA             NA             NA                  NA                  NA   10        20          2.25
8        0.4783469   2.863967e-01   0.0308260331     -10.651003     0.15916956      0.4405895     0.10825422           10.651003          0.15916956   10        20          2.25
9        6.9769923  -2.726595e-04   0.0001690352             NA             NA             NA             NA                  NA                  NA   10        20          2.25
10       0.6821020   4.579160e-01   0.0096031273             NA             NA             NA             NA                  NA                  NA   10        20          2.25
11       0.0000000             NA             NA             NA             NA             NA             NA                  NA                  NA   10        20          2.25
12       4.8906328  -3.373013e-05   0.0001038553             NA             NA             NA             NA                  NA                  NA   10        20          2.25
