Host: erc-hpc-comp015
MODEL=RS CASE=13 R_LIST=10 VAR_A_LIST=0.5,2.25
LABEL_POLICY=unknown MIS_TYPE=none RHO=0 LAMBDA=0 CIRG_CRITERION=IMSPE
NLOOP=20 SA_MAX=25 EM_MAX=300 K_GRID_POINTS=8 N_CORES=8
============================================================
Method comparison
MODEL=RS cases=13 label_policy=unknown misspec=none rho=0
N=2500 p=50 R=10 Var.a=0.5,2.25
nloop=20 tau=255 lambda=0 CIRG_CRITERION=IMSPE
Budgets: SA_MAX=25 EM_MAX=300 K_GRID_POINTS=8 KMEANS_NUM_INIT=1 KMEANS_MAX_ITERS=25 CPF_LAMBDA_POINTS=6 CPF_MAX_ITER=300 BLM_NSTART=5 N_CORES=8
Methods: LM, KM, OBS, CPF, BLM, CIRG
============================================================

Running case=13 R=10 Var.a=0.5
Saved: results_comparison/RS_case13_R10_vara0.5_varb0.1_lambda0_none.rds 

Running case=13 R=10 Var.a=2.25
Saved: results_comparison/RS_case13_R10_vara2.25_varb0.1_lambda0_none.rds 

Finished. Elapsed minutes: 8.978633 
Saved combined: results_comparison/RS_cases13_R10_vara0.50-2.25_varb0.1_grid_lambda0_none.rds 

   method mis_type rho  n convergence_rate MSPE_mean MSPE_MCSE beta_MSE_mean beta_MSE_MCSE beta_SSE_mean beta_SSE_MCSE intercept_MSE_mean intercept_MSE_MCSE Var_a_hat_mean Var_a_hat_MCSE Var_b_hat_mean Var_b_hat_MCSE
1     BLM     none  NA 20                1  12.48500 0.1219390    0.01131829   0.001179678     0.5659143    0.05898390          0.4475553         0.13831446   6.475708e-05   5.672861e-07   0.0001323588   1.160920e-06
2    CIRG     none  NA 20                1  11.86378 0.1883369    0.01059368   0.001207183     0.5296841    0.06035915          0.1846358         0.07305514   3.729633e-02   1.338998e-02   0.0232721637   4.203349e-03
3     CPF     none  NA 20                1  12.48774 0.1215469    0.01134325   0.001180594     0.5671623    0.05902970          0.4485894         0.13837663   2.843497e-03   1.033905e-03   0.0012819957   7.039696e-05
4      KM     none  NA 20                1  12.00277 0.1782446    0.01077442   0.001241070     0.5387211    0.06205351          0.2208403         0.07642413   1.551984e-02   8.036443e-03   0.0189950772   3.950301e-03
5      LM     none  NA 20                1  12.48500 0.1219390    0.01131829   0.001179678     0.5659143    0.05898390          0.4475553         0.13831446   0.000000e+00   0.000000e+00             NA             NA
6     OBS     none  NA 20                1  12.48757 0.1219756    0.01132814   0.001179916     0.5664072    0.05899580          0.4475406         0.13833487   1.866728e-03   8.123916e-04   0.0015813276   4.687006e-05
7     BLM     none  NA 20                1  13.48058 0.1466692    0.02271856   0.001683544     1.1359282    0.08417718          0.4765847         0.14046829   6.984060e-05   7.770272e-07   0.0001427394   1.545281e-06
8    CIRG     none  NA 20                1  12.82957 0.2229837    0.02017774   0.001771572     1.0088872    0.08857860          0.2221951         0.07351485   1.095214e-01   3.797455e-02   0.0240280159   4.314526e-03
9     CPF     none  NA 20                1  13.48346 0.1464112    0.02273450   0.001683116     1.1367250    0.08415578          0.4757504         0.13928796   3.123068e-03   1.065246e-03   0.0013592023   8.282871e-05
10     KM     none  NA 20                1  12.98313 0.2103008    0.02079571   0.001792147     1.0397853    0.08960735          0.2745660         0.07614499   4.938407e-02   1.661109e-02   0.0194522245   3.962433e-03
11     LM     none  NA 20                1  13.48058 0.1466692    0.02271856   0.001683544     1.1359282    0.08417718          0.4765847         0.14046829   0.000000e+00   0.000000e+00             NA             NA
12    OBS     none  NA 20                1  13.48336 0.1466069    0.02273347   0.001682959     1.1366737    0.08414796          0.4765506         0.14049650   1.768956e-03   7.541294e-04   0.0016895946   4.958935e-05
   Var_e_hat_mean Var_e_hat_MCSE Var_a_MSE_mean Var_a_MSE_MCSE Var_b_MSE_mean Var_b_MSE_MCSE Var_e_MSE_mean Var_e_MSE_MCSE   G_MSE_mean   G_MSE_MCSE selected_K_mean selected_K_MCSE runtime_mean runtime_MCSE
1        12.39821      0.1098032      0.2499352   5.672123e-07    0.009973546   2.318747e-07      11.776899      0.7649632 0.0002878172 4.661908e-09            1.00       0.0000000      0.31695  0.012936174
2        11.72285      0.1894216      0.2175012   1.128001e-02    0.006222855   5.965412e-04       8.095666      0.9966676 0.0002032464 1.415875e-05            2.65       0.3185080     26.51520  4.333437330
3        12.36931      0.1104189      0.2471849   1.019075e-03    0.009745339   1.390422e-05      11.583926      0.7634669 0.0002823729 4.709871e-07            8.15       0.2926737      1.66555  0.104780459
4        11.84993      0.1738552      0.2359481   6.834717e-03    0.006858290   5.758462e-04       8.696368      0.9286757 0.0002225539 1.145917e-05            2.00       0.0000000     63.49875  4.409768410
5        12.39492      0.1097742      0.2500000   0.000000e+00             NA             NA      11.754456      0.7640371           NA           NA            1.00       0.0000000      0.04165  0.003902951
6        12.36271      0.1099229      0.2481493   8.008229e-04    0.009686277   9.218763e-06      11.537383      0.7589641 0.0002816083 3.885547e-07           10.00       0.0000000      2.60510  0.184784767
7        13.37070      0.1462427      5.0621857   3.496514e-06    0.009971473   3.086123e-07      19.509406      1.3059059 0.0021379313 7.230757e-09            1.00       0.0000000      0.33025  0.018003052
8        12.66116      0.2281792      4.6090479   1.527424e-01    0.006125430   5.955697e-04      14.393309      1.6265479 0.0018897806 6.782918e-05            2.65       0.3185080     20.06050  2.411316482
9        13.34049      0.1462674      5.0484775   4.777050e-03    0.009730137   1.635382e-05      19.246328      1.2987496 0.0021280217 1.792140e-06            8.10       0.2704772      1.63490  0.079162288
10       12.80317      0.2142163      4.8479531   7.140131e-02    0.006786261   5.667910e-04      15.335963      1.5456802 0.0019943353 3.520012e-05            2.00       0.0000000     58.79440  3.390508774
11       13.36716      0.1462041      5.0625000   0.000000e+00             NA             NA      19.478227      1.3045212           NA           NA            1.00       0.0000000      0.02000  0.001612452
12       13.33313      0.1463313      5.0545536   3.383993e-03    0.009664983   9.744774e-06      19.182853      1.2973137 0.0021291053 1.298262e-06           10.00       0.0000000      2.09295  0.114225734
   iterations_mean iterations_MCSE group_ARI_mean group_ARI_MCSE objective_mean objective_MCSE I_optimal_mean I_optimal_MCSE IMSPE_selected_mean IMSPE_selected_MCSE case R_setting Var_a_setting
1            26.00        0.000000   0.0000000000   0.0000000000             NA             NA             NA             NA                  NA                  NA   13        10          0.50
2            35.35        5.403836   0.1879022244   0.0078779935      -11.88646      0.1818318      0.3164133     0.03885054            11.88646           0.1818318   13        10          0.50
3           127.65        4.635830  -0.0004474927   0.0002507994             NA             NA             NA             NA                  NA                  NA   13        10          0.50
4            34.00        3.915556   0.1755927626   0.0063078379             NA             NA             NA             NA                  NA                  NA   13        10          0.50
5             1.00        0.000000             NA             NA             NA             NA             NA             NA                  NA                  NA   13        10          0.50
6           144.45        2.852031  -0.0002519361   0.0001109870             NA             NA             NA             NA                  NA                  NA   13        10          0.50
7            26.00        0.000000   0.0000000000   0.0000000000             NA             NA             NA             NA                  NA                  NA   13        10          2.25
8            27.15        3.757991   0.1879022244   0.0078779935      -12.83758      0.2216631      0.3548209     0.04646455            12.83758           0.2216631   13        10          2.25
9           120.95        4.613182  -0.0001075862   0.0002238926             NA             NA             NA             NA                  NA                  NA   13        10          2.25
10           29.10        4.418204   0.1755927626   0.0063078379             NA             NA             NA             NA                  NA                  NA   13        10          2.25
11            1.00        0.000000             NA             NA             NA             NA             NA             NA                  NA                  NA   13        10          2.25
12          144.20        2.850300  -0.0002519361   0.0001109870             NA             NA             NA             NA                  NA                  NA   13        10          2.25
