Host: erc-hpc-comp028
MODEL=RI CASE=15 R_LIST=10 VAR_A_LIST=0.5,2.25
LABEL_POLICY=unknown MIS_TYPE=none RHO=0 LAMBDA=0 CIRG_CRITERION=IMSPE
NLOOP=20 SA_MAX=25 EM_MAX=300 K_GRID_POINTS=8 N_CORES=8
============================================================
Method comparison
MODEL=RI cases=15 label_policy=unknown misspec=none rho=0
N=2500 p=50 R=10 Var.a=0.5,2.25
nloop=20 tau=255 lambda=0 CIRG_CRITERION=IMSPE
Budgets: SA_MAX=25 EM_MAX=300 K_GRID_POINTS=8 KMEANS_NUM_INIT=1 KMEANS_MAX_ITERS=25 CPF_LAMBDA_POINTS=6 CPF_MAX_ITER=300 BLM_NSTART=5 N_CORES=8
Methods: LM, KM, OBS, CPF, BLM, CIRG
============================================================

Running case=15 R=10 Var.a=0.5
Saved: results_comparison/RI_case15_R10_vara0.5_lambda0_none.rds 

Running case=15 R=10 Var.a=2.25
Saved: results_comparison/RI_case15_R10_vara2.25_lambda0_none.rds 

Finished. Elapsed minutes: 8.439883 
Saved combined: results_comparison/RI_cases15_R10_vara0.50-2.25_grid_lambda0_none.rds 

   method mis_type rho  n convergence_rate MSPE_mean  MSPE_MCSE beta_MSE_mean beta_MSE_MCSE beta_SSE_mean beta_SSE_MCSE intercept_MSE_mean intercept_MSE_MCSE Var_a_hat_mean Var_a_hat_MCSE Var_b_hat_mean Var_b_hat_MCSE
1     BLM     none  NA 20                1  9.627677 0.06480996   0.002660107  0.0001267580     0.1330053   0.006337898         0.01063037        0.001865804   0.0037546837   7.629018e-04             NA             NA
2    CIRG     none  NA 20                1  9.626942 0.06492574   0.002660719  0.0001265093     0.1330360   0.006325466         0.01020075        0.001779463   0.0002406464   5.497734e-05             NA             NA
3     CPF     none  NA 20                1  9.626760 0.06479584   0.002660109  0.0001264374     0.1330054   0.006321869         0.01028813        0.001818755   0.0018827091   4.461211e-04             NA             NA
4      KM     none  NA 20                1  9.626921 0.06491839   0.002660136  0.0001261609     0.1330068   0.006308044         0.01020374        0.001779975   0.0001561242   2.063480e-06             NA             NA
5      LM     none  NA 20                1  9.626887 0.06493569   0.002660401  0.0001263224     0.1330201   0.006316118         0.01020472        0.001779467   0.0000000000   0.000000e+00             NA             NA
6     OBS     none  NA 20                1  9.626697 0.06481835   0.002660183  0.0001264389     0.1330091   0.006321945         0.01020458        0.001779222   0.0014090708   3.537873e-04             NA             NA
7     BLM     none  NA 20                1 11.578310 0.14316700   0.006034266  0.0003196663     0.3017133   0.015983315         0.04765344        0.006142507   0.0046041739   7.937867e-04             NA             NA
8    CIRG     none  NA 20                1 11.576350 0.14308875   0.006034739  0.0003176123     0.3017369   0.015880615         0.04596930        0.005742291   0.0002957872   6.240833e-05             NA             NA
9     CPF     none  NA 20                1 11.576780 0.14308995   0.006035230  0.0003190235     0.3017615   0.015951177         0.04645813        0.005748126   0.0028064000   5.607763e-04             NA             NA
10     KM     none  NA 20                1 11.576372 0.14308252   0.006036653  0.0003182097     0.3018327   0.015910487         0.04596656        0.005742352   0.0001706456   1.585668e-06             NA             NA
11     LM     none  NA 20                1 11.576349 0.14309393   0.006036647  0.0003184894     0.3018323   0.015924468         0.04596721        0.005741586   0.0000000000   0.000000e+00             NA             NA
12    OBS     none  NA 20                1 11.576363 0.14306272   0.006035993  0.0003186979     0.3017997   0.015934896         0.04596860        0.005741465   0.0015394442   2.921942e-04             NA             NA
   Var_e_hat_mean Var_e_hat_MCSE Var_a_MSE_mean Var_a_MSE_MCSE Var_b_MSE_mean Var_b_MSE_MCSE Var_e_MSE_mean Var_e_MSE_MCSE G_MSE_mean G_MSE_MCSE selected_K_mean selected_K_MCSE runtime_mean runtime_MCSE iterations_mean
1        9.477648     0.03987576      0.2462705   7.543044e-04             NA             NA      0.2583594     0.03358027         NA         NA            5.85      0.08191780      0.31870  0.028478810           39.40
2        9.481106     0.03993803      0.2497595   5.490311e-05             NA             NA      0.2617689     0.03383537         NA         NA            2.65      0.40571574     17.69780  1.645367578           24.95
3        9.479434     0.03995135      0.2481246   4.430311e-04             NA             NA      0.2601826     0.03375016         NA         NA            8.30      0.26257831      0.49030  0.019556275           54.70
4        9.481199     0.03991780      0.2498439   2.062812e-06             NA             NA      0.2618280     0.03382708         NA         NA            2.00      0.00000000     58.16040  4.681369648           17.95
5        9.481069     0.03991686      0.2500000   0.000000e+00             NA             NA      0.2617007     0.03381609         NA         NA            1.00      0.00000000      0.02205  0.002620240            1.00
6        9.479963     0.03990429      0.2485953   3.516005e-04             NA             NA      0.2606187     0.03374552         NA         NA           10.00      0.00000000      0.56940  0.057672688           58.50
7       11.390534     0.11879508      5.0418144   3.563945e-03             NA             NA      5.9827863     0.50654848         NA         NA            5.90      0.06882472      0.29850  0.028455182           39.15
8       11.394938     0.11890569      5.0611691   2.807608e-04             NA             NA      6.0043594     0.50805124         NA         NA            2.80      0.42052599     17.47030  1.781287561           29.55
9       11.392322     0.11888874      5.0498851   2.518919e-03             NA             NA      5.9917620     0.50742712         NA         NA            7.85      0.18173144      0.47320  0.025109717           54.35
10      11.395077     0.11890602      5.0617321   7.134960e-06             NA             NA      6.0050267     0.50804601         NA         NA            2.00      0.00000000     57.24730  5.229513400           19.10
11      11.394926     0.11890433      5.0625000   0.000000e+00             NA             NA      6.0042950     0.50800281         NA         NA            1.00      0.00000000      0.01990  0.001118975            1.00
12      11.393698     0.11887534      5.0555765   1.313342e-03             NA             NA      5.9982862     0.50757194         NA         NA           10.00      0.00000000      0.62360  0.039421234           66.60
   iterations_MCSE group_ARI_mean group_ARI_MCSE objective_mean objective_MCSE I_optimal_mean I_optimal_MCSE IMSPE_selected_mean IMSPE_selected_MCSE case R_setting Var_a_setting
1        3.7377167   4.636531e-07   0.0002274008             NA             NA             NA             NA                  NA                  NA   15        10          0.50
2        3.8158085   3.940660e-03   0.0007557212       -9.54613     0.04022982     0.06509641   0.0003010426             9.54613          0.04022982   15        10          0.50
3        2.8938228  -2.906197e-04   0.0002082615             NA             NA             NA             NA                  NA                  NA   15        10          0.50
4        0.2760149   3.678775e-03   0.0006709283             NA             NA             NA             NA                  NA                  NA   15        10          0.50
5        0.0000000             NA             NA             NA             NA             NA             NA                  NA                  NA   15        10          0.50
6        2.3401529  -2.519361e-04   0.0001109870             NA             NA             NA             NA                  NA                  NA   15        10          0.50
7        3.8731702  -2.329641e-04   0.0002975297             NA             NA             NA             NA                  NA                  NA   15        10          2.25
8        4.6034741   3.810602e-03   0.0007480861      -11.47309     0.11973946     0.07824020   0.0008374570            11.47309          0.11973946   15        10          2.25
9        3.6210459  -5.832386e-04   0.0002805676             NA             NA             NA             NA                  NA                  NA   15        10          2.25
10       0.2039092   3.678775e-03   0.0006709283             NA             NA             NA             NA                  NA                  NA   15        10          2.25
11       0.0000000             NA             NA             NA             NA             NA             NA                  NA                  NA   15        10          2.25
12       2.7399577  -2.519361e-04   0.0001109870             NA             NA             NA             NA                  NA                  NA   15        10          2.25
