Host: erc-hpc-comp005
MODEL=RI CASE=1 R_LIST=20 VAR_A_LIST=0.5,2.25
LABEL_POLICY=unknown MIS_TYPE=none RHO=0 LAMBDA=0 CIRG_CRITERION=IMSPE
NLOOP=20 SA_MAX=25 EM_MAX=300 K_GRID_POINTS=8 N_CORES=8
============================================================
Method comparison
MODEL=RI cases=1 label_policy=unknown misspec=none rho=0
N=2500 p=50 R=20 Var.a=0.5,2.25
nloop=20 tau=255 lambda=0 CIRG_CRITERION=IMSPE
Budgets: SA_MAX=25 EM_MAX=300 K_GRID_POINTS=8 KMEANS_NUM_INIT=1 KMEANS_MAX_ITERS=25 CPF_LAMBDA_POINTS=6 CPF_MAX_ITER=300 BLM_NSTART=5 N_CORES=8
Methods: LM, KM, OBS, CPF, BLM, CIRG
============================================================

Running case=1 R=20 Var.a=0.5
Saved: results_comparison/RI_case1_R20_vara0.5_lambda0_none.rds 

Running case=1 R=20 Var.a=2.25
Saved: results_comparison/RI_case1_R20_vara2.25_lambda0_none.rds 

Finished. Elapsed minutes: 5.855667 
Saved combined: results_comparison/RI_cases1_R20_vara0.50-2.25_grid_lambda0_none.rds 

   method mis_type rho  n convergence_rate MSPE_mean  MSPE_MCSE beta_MSE_mean beta_MSE_MCSE beta_SSE_mean beta_SSE_MCSE intercept_MSE_mean intercept_MSE_MCSE Var_a_hat_mean Var_a_hat_MCSE Var_b_hat_mean Var_b_hat_MCSE
1     BLM     none  NA 20                1  9.451930 0.07176846   0.003852436  0.0001894715     0.1926218   0.009473575         0.03358202        0.008641237   0.0187115380   2.620525e-03             NA             NA
2    CIRG     none  NA 20                1  9.434704 0.07076520   0.003858038  0.0001950440     0.1929019   0.009752200         0.03268553        0.008361222   0.0006513690   2.949017e-04             NA             NA
3     CPF     none  NA 20                1  9.444324 0.07141667   0.003846638  0.0001900150     0.1923319   0.009500750         0.03320274        0.008954736   0.0108994092   1.869619e-03             NA             NA
4      KM     none  NA 20                1  9.434320 0.07079194   0.003843205  0.0001905115     0.1921602   0.009525573         0.03269282        0.008362904   0.0001562980   5.378335e-06             NA             NA
5      LM     none  NA 20                1  9.434346 0.07079418   0.003843578  0.0001907130     0.1921789   0.009535651         0.03268340        0.008357089   0.0000000000   0.000000e+00             NA             NA
6     OBS     none  NA 20                1  9.437180 0.07091147   0.003844633  0.0001899204     0.1922316   0.009496022         0.03268794        0.008358579   0.0040694824   1.375849e-03             NA             NA
7     BLM     none  NA 20                1 11.049418 0.18539904   0.004428089  0.0002268854     0.2214045   0.011344269         0.15446255        0.041497992   0.0229325277   3.023260e-03             NA             NA
8    CIRG     none  NA 20                1 11.026763 0.18404438   0.004456973  0.0002373749     0.2228487   0.011868746         0.14599220        0.037386607   0.0011799666   5.547262e-04             NA             NA
9     CPF     none  NA 20                1 11.038322 0.18508198   0.004423151  0.0002267264     0.2211575   0.011336320         0.14683074        0.038060062   0.0122199298   2.237454e-03             NA             NA
10     KM     none  NA 20                1 11.026748 0.18409483   0.004439618  0.0002325797     0.2219809   0.011628987         0.14601655        0.037395814   0.0006375699   4.730293e-04             NA             NA
11     LM     none  NA 20                1 11.026669 0.18408998   0.004420376  0.0002282367     0.2210188   0.011411834         0.14600981        0.037388947   0.0000000000   0.000000e+00             NA             NA
12    OBS     none  NA 20                1 11.030017 0.18425632   0.004421838  0.0002273297     0.2210919   0.011366487         0.14602131        0.037392438   0.0050194411   1.473927e-03             NA             NA
   Var_e_hat_mean Var_e_hat_MCSE Var_a_MSE_mean Var_a_MSE_MCSE Var_b_MSE_mean Var_b_MSE_MCSE Var_e_MSE_mean Var_e_MSE_MCSE G_MSE_mean G_MSE_MCSE selected_K_mean selected_K_MCSE runtime_mean runtime_MCSE iterations_mean
1        9.362208     0.04410151      0.2317691   2.486235e-03             NA             NA      0.1681488     0.03421388         NA         NA            6.95       0.0500000      0.20815  0.020083546           19.95
2        9.377239     0.04411938      0.2493507   2.934977e-04             NA             NA      0.1792935     0.03542638         NA         NA            2.95       0.3732856     22.41930  1.835505625           38.10
3        9.367615     0.04416694      0.2392858   1.812714e-03             NA             NA      0.1722046     0.03477039         NA         NA           11.80       0.2955815      0.45785  0.037933479           42.55
4        9.377712     0.04414272      0.2498437   5.376295e-06             NA             NA      0.1796890     0.03544058         NA         NA            2.00       0.0000000     35.55635  1.184254219           25.80
5        9.377615     0.04414150      0.2500000   0.000000e+00             NA             NA      0.1796138     0.03543043         NA         NA            1.00       0.0000000      0.02980  0.004148938            1.00
6        9.373864     0.04421329      0.2459830   1.338482e-03             NA             NA      0.1769156     0.03535591         NA         NA           20.00       0.0000000      1.47335  0.176219753           83.05
7       10.955543     0.16598819      4.9600032   1.343781e-02             NA             NA      4.3476375     0.74442851         NA         NA            6.95       0.0500000      0.19960  0.031822567           20.90
8       10.973781     0.16632832      5.0571974   2.491514e-03             NA             NA      4.4214489     0.75261688         NA         NA            2.85       0.3423987     22.25875  2.028924028           35.55
9       10.963216     0.16604897      5.0077548   9.996868e-03             NA             NA      4.3780905     0.74757337         NA         NA           12.35       0.3346247      0.54350  0.058484658           52.05
10      10.974306     0.16633066      5.0596356   2.124001e-03             NA             NA      4.4235375     0.75262612         NA         NA            2.00       0.0000000     37.67505  1.627394370           21.25
11      10.974419     0.16630716      5.0625000   0.000000e+00             NA             NA      4.4238346     0.75249391         NA         NA            1.00       0.0000000      0.02820  0.003482739            1.00
12      10.969713     0.16636473      5.0399790   6.591960e-03             NA             NA      4.4056368     0.75166729         NA         NA           20.00       0.0000000      1.61625  0.160495022           88.30
   iterations_MCSE group_ARI_mean group_ARI_MCSE objective_mean objective_MCSE I_optimal_mean I_optimal_MCSE IMSPE_selected_mean IMSPE_selected_MCSE case R_setting Var_a_setting
1         2.181833   1.141025e-04   2.565129e-04             NA             NA             NA             NA                  NA                  NA    1        20          0.50
2         5.597885   3.692444e-05   8.377294e-05      -9.441743      0.0444242     0.06458274   0.0003228014            9.441743           0.0444242    1        20          0.50
3         4.936691   2.573294e-04   3.232417e-04             NA             NA             NA             NA                  NA                  NA    1        20          0.50
4         4.594963   2.463422e-05   7.948049e-05             NA             NA             NA             NA                  NA                  NA    1        20          0.50
5         0.000000             NA             NA             NA             NA             NA             NA                  NA                  NA    1        20          0.50
6         4.777400  -3.373013e-05   1.038553e-04             NA             NA             NA             NA                  NA                  NA    1        20          0.50
7         3.740884   1.224151e-04   2.255953e-04             NA             NA             NA             NA                  NA                  NA    1        20          2.25
8         5.519570   2.317749e-05   8.419270e-05     -11.049291      0.1674657     0.07585246   0.0011464424           11.049291           0.1674657    1        20          2.25
9         7.188615   1.723770e-04   2.242981e-04             NA             NA             NA             NA                  NA                  NA    1        20          2.25
10        1.419553   2.463422e-05   7.948049e-05             NA             NA             NA             NA                  NA                  NA    1        20          2.25
11        0.000000             NA             NA             NA             NA             NA             NA                  NA                  NA    1        20          2.25
12        6.091020  -3.373013e-05   1.038553e-04             NA             NA             NA             NA                  NA                  NA    1        20          2.25
