Host: erc-hpc-comp007
MODEL=RS CASE=3 R_LIST=50 VAR_A_LIST=0.5,2.25
LABEL_POLICY=unknown MIS_TYPE=none RHO=0 LAMBDA=0 CIRG_CRITERION=IMSPE
NLOOP=20 SA_MAX=25 EM_MAX=300 K_GRID_POINTS=8 N_CORES=8
============================================================
Method comparison
MODEL=RS cases=3 label_policy=unknown misspec=none rho=0
N=2500 p=50 R=50 Var.a=0.5,2.25
nloop=20 tau=255 lambda=0 CIRG_CRITERION=IMSPE
Budgets: SA_MAX=25 EM_MAX=300 K_GRID_POINTS=8 KMEANS_NUM_INIT=1 KMEANS_MAX_ITERS=25 CPF_LAMBDA_POINTS=6 CPF_MAX_ITER=300 BLM_NSTART=5 N_CORES=8
Methods: LM, KM, OBS, CPF, BLM, CIRG
============================================================

Running case=3 R=50 Var.a=0.5
Saved: results_comparison/RS_case3_R50_vara0.5_varb0.1_lambda0_none.rds 

Running case=3 R=50 Var.a=2.25
Saved: results_comparison/RS_case3_R50_vara2.25_varb0.1_lambda0_none.rds 

Finished. Elapsed minutes: 9.74055 
Saved combined: results_comparison/RS_cases3_R50_vara0.50-2.25_varb0.1_grid_lambda0_none.rds 

   method mis_type rho  n convergence_rate MSPE_mean MSPE_MCSE beta_MSE_mean beta_MSE_MCSE beta_SSE_mean beta_SSE_MCSE intercept_MSE_mean intercept_MSE_MCSE Var_a_hat_mean Var_a_hat_MCSE Var_b_hat_mean Var_b_hat_MCSE
1     BLM     none  NA 20             1.00  15.54013 0.3610455   0.009197422  0.0004105266     0.4598711    0.02052633         0.08154571         0.02124271   1.402595e-04   4.746850e-06   0.0001757812   3.923802e-06
2    CIRG     none  NA 20             0.95  15.01541 0.3282348   0.009355734  0.0005001449     0.4677867    0.02500725         2.03302850         0.71456871   8.301180e+00   4.361315e+00   0.0099452719   2.736511e-03
3     CPF     none  NA 20             0.40  15.56076 0.3601130   0.009212029  0.0004126882     0.4606014    0.02063441         0.12965013         0.04746655   1.457331e-01   1.935339e-02   0.0001904537   3.175377e-05
4      KM     none  NA 20             0.95  14.75186 0.3245532   0.009805609  0.0005192982     0.4902804    0.02596491         3.13930118         1.21449623   2.426834e+01   6.587493e+00   0.0253308601   3.300476e-03
5      LM     none  NA 20             1.00  15.54013 0.3610455   0.009197422  0.0004105266     0.4598711    0.02052633         0.08154571         0.02124271   0.000000e+00   0.000000e+00             NA             NA
6     OBS     none  NA 20             0.90  15.57072 0.3608850   0.009162769  0.0004128809     0.4581384    0.02064405         0.08145740         0.02121032   1.750525e-03   9.934234e-05   0.0019939100   8.160691e-05
7     BLM     none  NA 20             1.00  17.15694 0.3637256   0.009703607  0.0004545120     0.4851803    0.02272560         0.17220098         0.04001097   1.540133e-04   4.787628e-06   0.0001930022   3.761633e-06
8    CIRG     none  NA 20             1.00  16.51305 0.3296781   0.009986996  0.0005449193     0.4993498    0.02724597         2.42001139         0.84028832   9.691809e+00   4.807098e+00   0.0120107178   3.110519e-03
9     CPF     none  NA 20             0.40  17.17412 0.3626864   0.009700044  0.0004552805     0.4850022    0.02276403         0.23190909         0.06956453   1.521927e-01   2.598744e-02   0.0002146193   3.608584e-05
10     KM     none  NA 20             0.95  16.18669 0.3218033   0.010553259  0.0006072588     0.5276630    0.03036294         3.61190426         1.17879299   2.825015e+01   7.257545e+00   0.0294054853   3.831508e-03
11     LM     none  NA 20             1.00  17.15694 0.3637256   0.009703607  0.0004545120     0.4851803    0.02272560         0.17220098         0.04001097   0.000000e+00   0.000000e+00             NA             NA
12    OBS     none  NA 20             0.75  17.18924 0.3633702   0.009668492  0.0004576564     0.4834246    0.02288282         0.17238005         0.04011408   1.944717e-03   1.177616e-04   0.0021254670   9.876562e-05
   Var_e_hat_mean Var_e_hat_MCSE Var_a_MSE_mean Var_a_MSE_MCSE Var_b_MSE_mean Var_b_MSE_MCSE Var_e_MSE_mean Var_e_MSE_MCSE   G_MSE_mean   G_MSE_MCSE selected_K_mean selected_K_MCSE runtime_mean runtime_MCSE
1        15.37308      0.3623595      0.2498598   4.745562e-06    0.009964875   7.833817e-07       43.11089       4.772274 0.0002876215 1.642171e-08            1.00       0.0000000      0.32245 0.0061148977
2        14.80568      0.3215036    422.2587280   3.349536e+02    0.008252135   4.396100e-04       35.66985       3.864459 0.1625033967 1.287730e-01            4.00       0.3973597     32.32925 3.3578880972
3        15.34055      0.3627199      0.1326216   1.390590e-02    0.009961965   6.332664e-06       42.70234       4.763121 0.0002424913 5.260630e-06            5.00       0.2991215      3.06520 0.1891496011
4        14.45619      0.3121433   1389.4400131   6.708337e+02    0.005782450   4.879236e-04       31.62128       3.600755 0.5343057038 2.579077e-01            6.00       0.0000000     51.68035 2.2216728160
5        15.36840      0.3622526      0.2500000   0.000000e+00             NA             NA       43.04978       4.767508           NA           NA            1.00       0.0000000      0.01275 0.0003234274
6        15.30098      0.3608761      0.2482527   9.898537e-05    0.009605320   1.596908e-05       42.17670       4.707542 0.0002800918 2.906824e-07           50.00       0.0000000      6.24275 0.1232639631
7        17.00337      0.3866508      5.0618070   2.154291e-05    0.009961437   7.508871e-07       66.89435       6.350606 0.0021375928 2.081507e-08            1.00       0.0000000      0.32020 0.0042018793
8        16.30204      0.3445410    494.4361231   3.899927e+02    0.007925945   4.892758e-04       55.57520       5.127226 0.1902469898 1.499336e-01            3.95       0.3938675     32.02890 3.4985157815
9        16.96764      0.3860790      4.4136272   1.072595e-01    0.009957147   7.192807e-06       66.31540       6.317676 0.0018883063 4.115858e-05            5.05       0.3515005      3.04135 0.1783422829
10       15.88896      0.3228524   1676.7748823   8.073936e+02    0.005262514   5.387749e-04       49.43818       4.582737 0.6447666313 3.104105e-01            6.00       0.0000000     50.55080 2.1465767504
11       16.99822      0.3865471      5.0625000   0.000000e+00             NA             NA       66.81041       6.344992           NA           NA            1.00       0.0000000      0.01585 0.0009549731
12       16.92516      0.3845582      5.0537528   5.294324e-04    0.009579610   1.929406e-05       65.61799       6.258063 0.0021271562 3.329927e-07           50.00       0.0000000      8.19215 0.4664050322
   iterations_mean iterations_MCSE group_ARI_mean group_ARI_MCSE objective_mean objective_MCSE I_optimal_mean I_optimal_MCSE IMSPE_selected_mean IMSPE_selected_MCSE case R_setting Var_a_setting
1            27.05       0.0500000   0.000000e+00   0.000000e+00             NA             NA             NA             NA                  NA                  NA    3        50          0.50
2            92.90      16.3017435   1.230996e-01   1.453160e-02      -14.99290      0.3270881       2.020725      0.8937113            14.99290           0.3270881    3        50          0.50
3           254.80      16.6318654   6.221367e-05   7.704919e-05             NA             NA             NA             NA                  NA                  NA    3        50          0.50
4            76.10      17.0054016   1.961662e-01   2.492588e-03             NA             NA             NA             NA                  NA                  NA    3        50          0.50
5             1.00       0.0000000             NA             NA             NA             NA             NA             NA                  NA                  NA    3        50          0.50
6           275.75       3.1713147  -1.043958e-04   1.635189e-04             NA             NA             NA             NA                  NA                  NA    3        50          0.50
7            27.20       0.1169795   0.000000e+00   0.000000e+00             NA             NA             NA             NA                  NA                  NA    3        50          2.25
8            86.85      15.7842818   1.217548e-01   1.445455e-02      -16.51473      0.3491876       2.405502      0.9942041            16.51473           0.3491876    3        50          2.25
9           255.55      15.8407328  -3.719291e-05   8.475762e-05             NA             NA             NA             NA                  NA                  NA    3        50          2.25
10           74.60      17.0686539   1.961662e-01   2.492588e-03             NA             NA             NA             NA                  NA                  NA    3        50          2.25
11            1.00       0.0000000             NA             NA             NA             NA             NA             NA                  NA                  NA    3        50          2.25
12          284.30       2.9754257  -1.043958e-04   1.635189e-04             NA             NA             NA             NA                  NA                  NA    3        50          2.25
