Host: erc-hpc-comp025
MODEL=RS CASE=11 R_LIST=50 VAR_A_LIST=0.5,2.25
LABEL_POLICY=unknown MIS_TYPE=none RHO=0 LAMBDA=0 CIRG_CRITERION=IMSPE
NLOOP=20 SA_MAX=25 EM_MAX=300 K_GRID_POINTS=8 N_CORES=8
============================================================
Method comparison
MODEL=RS cases=11 label_policy=unknown misspec=none rho=0
N=2500 p=50 R=50 Var.a=0.5,2.25
nloop=20 tau=255 lambda=0 CIRG_CRITERION=IMSPE
Budgets: SA_MAX=25 EM_MAX=300 K_GRID_POINTS=8 KMEANS_NUM_INIT=1 KMEANS_MAX_ITERS=25 CPF_LAMBDA_POINTS=6 CPF_MAX_ITER=300 BLM_NSTART=5 N_CORES=8
Methods: LM, KM, OBS, CPF, BLM, CIRG
============================================================

Running case=11 R=50 Var.a=0.5
Saved: results_comparison/RS_case11_R50_vara0.5_varb0.1_lambda0_none.rds 

Running case=11 R=50 Var.a=2.25
Saved: results_comparison/RS_case11_R50_vara2.25_varb0.1_lambda0_none.rds 

Finished. Elapsed minutes: 8.4918 
Saved combined: results_comparison/RS_cases11_R50_vara0.50-2.25_varb0.1_grid_lambda0_none.rds 

   method mis_type rho  n convergence_rate MSPE_mean  MSPE_MCSE beta_MSE_mean beta_MSE_MCSE beta_SSE_mean beta_SSE_MCSE intercept_MSE_mean intercept_MSE_MCSE Var_a_hat_mean Var_a_hat_MCSE Var_b_hat_mean Var_b_hat_MCSE
1     BLM     none  NA 20                1  12.25864 0.07791390   0.031642563  0.0008164773     1.5821281    0.04082387          2.4588288         0.06468131   6.032010e-05   3.875925e-07   0.0001683845   9.942502e-07
2    CIRG     none  NA 20                1  10.08799 0.05668800   0.007815937  0.0003883700     0.3907969    0.01941850          0.2971066         0.07079507   6.643621e-01   6.359373e-02   0.0851131608   3.520780e-03
3     CPF     none  NA 20                1  12.28358 0.08006019   0.031624743  0.0008182579     1.5812371    0.04091290          2.5271056         0.15968320   1.662401e-01   1.667779e-02   0.0002910147   9.792253e-06
4      KM     none  NA 20                1  10.32188 0.04952820   0.007652363  0.0002980673     0.3826182    0.01490337          0.6639532         0.04951264   4.969283e-01   5.563672e-02   0.0728849009   1.569780e-03
5      LM     none  NA 20                1  12.25864 0.07791390   0.031642563  0.0008164773     1.5821281    0.04082387          2.4588288         0.06468131   0.000000e+00   0.000000e+00             NA             NA
6     OBS     none  NA 20                0  12.26719 0.07826027   0.031684975  0.0008155178     1.5842487    0.04077589          2.4550445         0.06491667   5.209264e-03   1.141193e-03   0.0065736166   3.576208e-04
7     BLM     none  NA 20                1  12.44265 0.07995328   0.038105102  0.0009520593     1.9052551    0.04760296          2.4709852         0.06442971   6.128721e-05   3.985366e-07   0.0001710824   1.006845e-06
8    CIRG     none  NA 20                1  10.16498 0.05787094   0.008451659  0.0004069561     0.4225829    0.02034780          0.3310042         0.07614678   1.578497e+00   1.601478e-01   0.0868197412   3.457267e-03
9     CPF     none  NA 20                1  12.47018 0.08349062   0.038072345  0.0009498686     1.9036172    0.04749343          2.5349074         0.15894832   1.689778e-01   1.728295e-02   0.0003120204   1.539192e-05
10     KM     none  NA 20                1  10.41296 0.04787912   0.008843710  0.0004107853     0.4421855    0.02053926          0.6730756         0.05473871   9.297991e-01   9.156571e-02   0.0748958548   1.573546e-03
11     LM     none  NA 20                1  12.44265 0.07995328   0.038105102  0.0009520593     1.9052551    0.04760296          2.4709852         0.06442971   0.000000e+00   0.000000e+00             NA             NA
12    OBS     none  NA 20                0  12.45141 0.08013688   0.038151652  0.0009499581     1.9075826    0.04749790          2.4671194         0.06463686   5.100965e-03   1.107609e-03   0.0066734922   3.638418e-04
   Var_e_hat_mean Var_e_hat_MCSE Var_a_MSE_mean Var_a_MSE_MCSE Var_b_MSE_mean Var_b_MSE_MCSE Var_e_MSE_mean Var_e_MSE_MCSE   G_MSE_mean   G_MSE_MCSE selected_K_mean selected_K_MCSE runtime_mean runtime_MCSE
1       12.121300     0.07457553     0.24993968   3.875460e-07   0.0099663515   1.985173e-07      9.8481803     0.45825012 2.876806e-04 3.955669e-09            1.00       0.0000000      0.29165 0.0010085816
2        9.854155     0.04950328     0.10385400   3.725272e-02   0.0004571399   1.186085e-04      0.7761412     0.08963947 4.871626e-05 1.381600e-05            3.80       0.3448875     15.47220 1.7770590927
3       12.097725     0.07373424     0.11668052   1.124177e-02   0.0099418836   1.952724e-06      9.6991999     0.44926160 2.359764e-04 4.315002e-06            4.10       0.2502630      1.24700 0.0717273346
4       10.129727     0.04344266     0.05882288   1.594984e-02   0.0007820486   8.294592e-05      1.3121415     0.09802018 3.764910e-05 5.893325e-06            2.00       0.0000000     55.14885 3.9419513898
5       12.118050     0.07455466     0.25000000   0.000000e+00             NA             NA      9.8278444     0.45764012           NA           NA            1.00       0.0000000      0.00775 0.0001601808
6       11.997717     0.07624746     0.24484262   1.122882e-03   0.0087309191   6.659176e-05      9.0967657     0.45312590 2.619718e-04 1.307403e-06           50.00       0.0000000      6.33065 0.0970401782
7       12.315605     0.07643565     5.06222421   1.793366e-06   0.0099658128   2.010267e-07     11.1042397     0.50208685 2.137837e-03 4.516142e-09            1.00       0.0000000      0.28945 0.0008869670
8        9.935052     0.05072637     0.93821551   2.400762e-01   0.0004008204   1.035914e-04      0.9232130     0.10024550 3.684185e-04 9.407441e-05            3.80       0.3448875     14.51205 1.5046500003
9       12.289291     0.07496046     4.33632861   7.181177e-02   0.0099376978   3.068106e-06     10.9261977     0.48746932 1.858214e-03 2.759306e-05            4.45       0.3589092      1.30810 0.0887994458
10      10.224703     0.04278099     1.90223165   2.249581e-01   0.0006772630   7.664028e-05      1.5346721     0.10351672 7.443655e-04 8.695803e-05            2.00       0.0000000     56.72205 3.9545014274
11      12.312303     0.07641423     5.06250000   0.000000e+00             NA             NA     11.0822927     0.50144349           NA           NA            1.00       0.0000000      0.00765 0.0004488289
12      12.190408     0.07852382     5.03959499   4.966821e-03   0.0087123523   6.765077e-05     10.2958586     0.50081013 2.105041e-03 2.233603e-06           50.00       0.0000000      6.82745 0.2288332704
   iterations_mean iterations_MCSE group_ARI_mean group_ARI_MCSE objective_mean objective_MCSE I_optimal_mean I_optimal_MCSE IMSPE_selected_mean IMSPE_selected_MCSE case R_setting Var_a_setting
1            27.00       0.0000000   0.000000e+00   0.000000e+00             NA             NA             NA             NA                  NA                  NA   11        50          0.50
2             9.15       0.5344697   9.269461e-02   8.970842e-03      -10.07645     0.04161309      0.8073668     0.04811984            10.07645          0.04161309   11        50          0.50
3           102.40       6.8045650   5.070192e-05   9.402821e-05             NA             NA             NA             NA                  NA                  NA   11        50          0.50
4             6.95       0.1141329   4.844153e-02   8.788794e-04             NA             NA             NA             NA                  NA                  NA   11        50          0.50
5             1.00       0.0000000             NA             NA             NA             NA             NA             NA                  NA                  NA   11        50          0.50
6           300.00       0.0000000  -1.043958e-04   1.635189e-04             NA             NA             NA             NA                  NA                  NA   11        50          0.50
7            27.00       0.0000000   0.000000e+00   0.000000e+00             NA             NA             NA             NA                  NA                  NA   11        50          2.25
8             8.15       0.3574397   9.269461e-02   8.970842e-03      -10.15955     0.04194729      1.0506477     0.05073301            10.15955          0.04194729   11        50          2.25
9           107.95       8.0868558   6.867346e-05   9.424312e-05             NA             NA             NA             NA                  NA                  NA   11        50          2.25
10            6.50       0.1147079   4.844153e-02   8.788794e-04             NA             NA             NA             NA                  NA                  NA   11        50          2.25
11            1.00       0.0000000             NA             NA             NA             NA             NA             NA                  NA                  NA   11        50          2.25
12          300.00       0.0000000  -1.043958e-04   1.635189e-04             NA             NA             NA             NA                  NA                  NA   11        50          2.25
