Host: erc-hpc-comp007
MODEL=RS CASE=8 R_LIST=10 VAR_A_LIST=0.5,2.25
LABEL_POLICY=unknown MIS_TYPE=none RHO=0 LAMBDA=0 CIRG_CRITERION=IMSPE
NLOOP=20 SA_MAX=25 EM_MAX=300 K_GRID_POINTS=8 N_CORES=8
============================================================
Method comparison
MODEL=RS cases=8 label_policy=unknown misspec=none rho=0
N=2500 p=50 R=10 Var.a=0.5,2.25
nloop=20 tau=255 lambda=0 CIRG_CRITERION=IMSPE
Budgets: SA_MAX=25 EM_MAX=300 K_GRID_POINTS=8 KMEANS_NUM_INIT=1 KMEANS_MAX_ITERS=25 CPF_LAMBDA_POINTS=6 CPF_MAX_ITER=300 BLM_NSTART=5 N_CORES=8
Methods: LM, KM, OBS, CPF, BLM, CIRG
============================================================

Running case=8 R=10 Var.a=0.5
Saved: results_comparison/RS_case8_R10_vara0.5_varb0.1_lambda0_none.rds 

Running case=8 R=10 Var.a=2.25
Saved: results_comparison/RS_case8_R10_vara2.25_varb0.1_lambda0_none.rds 

Finished. Elapsed minutes: 5.86485 
Saved combined: results_comparison/RS_cases8_R10_vara0.50-2.25_varb0.1_grid_lambda0_none.rds 

   method mis_type rho  n convergence_rate MSPE_mean MSPE_MCSE beta_MSE_mean beta_MSE_MCSE beta_SSE_mean beta_SSE_MCSE intercept_MSE_mean intercept_MSE_MCSE Var_a_hat_mean Var_a_hat_MCSE Var_b_hat_mean Var_b_hat_MCSE
1     BLM     none  NA 20                1  23.96336  1.269217    0.01687088  0.0009324476     0.8435438    0.04662238         0.06002328         0.01584010   0.0000671802   4.003701e-07   7.330306e-05   4.297135e-07
2    CIRG     none  NA 20                1  23.95851  1.271056    0.01688021  0.0009356028     0.8440104    0.04678014         0.05983713         0.01571846   0.0008734078   7.153153e-04   1.989058e-04   7.810272e-06
3     CPF     none  NA 20                1  23.97817  1.269209    0.01687658  0.0009335139     0.8438288    0.04667570         0.06000546         0.01571154   0.0068305485   2.125081e-03   6.714544e-04   3.771849e-05
4      KM     none  NA 20                1  23.95790  1.271153    0.01688021  0.0009356028     0.8440104    0.04678014         0.05983713         0.01571846   0.0008734078   7.153153e-04   1.989058e-04   7.810272e-06
5      LM     none  NA 20                1  23.96336  1.269217    0.01687088  0.0009324476     0.8435438    0.04662238         0.06002328         0.01584010   0.0000000000   0.000000e+00             NA             NA
6     OBS     none  NA 20                1  23.98008  1.268866    0.01686347  0.0009352324     0.8431734    0.04676162         0.05992826         0.01581887   0.0052471751   1.772636e-03   8.076369e-04   3.054345e-05
7     BLM     none  NA 20                1  25.55448  1.457078    0.01726422  0.0009538017     0.8632110    0.04769009         0.25332935         0.07395193   0.0000723731   9.945337e-07   7.884311e-05   1.082923e-06
8    CIRG     none  NA 20                1  25.55370  1.458019    0.01727674  0.0009589055     0.8638368    0.04794528         0.25272560         0.07359404   0.0014874113   1.319851e-03   2.129533e-04   8.714645e-06
9     CPF     none  NA 20                1  25.56764  1.457290    0.01726734  0.0009546864     0.8633668    0.04773432         0.25444841         0.07401275   0.0079890813   2.519104e-03   7.455141e-04   2.792724e-05
10     KM     none  NA 20                1  25.55313  1.458102    0.01727674  0.0009589055     0.8638368    0.04794528         0.25272560         0.07359404   0.0014874113   1.319851e-03   2.129533e-04   8.714645e-06
11     LM     none  NA 20                1  25.55448  1.457078    0.01726422  0.0009538017     0.8632110    0.04769009         0.25332935         0.07395193   0.0000000000   0.000000e+00             NA             NA
12    OBS     none  NA 20                1  25.57108  1.457093    0.01725193  0.0009572333     0.8625963    0.04786166         0.25313471         0.07390161   0.0059866251   2.175857e-03   8.789771e-04   3.159749e-05
   Var_e_hat_mean Var_e_hat_MCSE Var_a_MSE_mean Var_a_MSE_MCSE Var_b_MSE_mean Var_b_MSE_MCSE Var_e_MSE_mean Var_e_MSE_MCSE   G_MSE_mean   G_MSE_MCSE selected_K_mean selected_K_MCSE runtime_mean runtime_MCSE
1        13.65748      0.1096564      0.2499328   4.003159e-07    0.009985345   8.587922e-08       21.92062       1.091054 0.0002880431 1.804097e-09            1.00       0.0000000      0.31045 0.0027429095
2        13.65389      0.1094855      0.2491371   7.048580e-04    0.009960260   1.559098e-06       21.88647       1.088630 0.0002872549 2.698973e-07            2.00       0.0000000     20.75265 0.9305749419
3        13.62642      0.1085490      0.2433019   2.071928e-03    0.009866187   7.480388e-06       21.62759       1.070770 0.0002832031 8.390561e-07            8.15       0.2436024      1.27965 0.0554510820
4        13.65389      0.1094855      0.2491371   7.048580e-04    0.009960260   1.559098e-06       21.88647       1.088630 0.0002872549 2.698973e-07            2.00       0.0000000     37.38020 2.6025957939
5        13.65385      0.1096362      0.2500000   0.000000e+00             NA             NA       21.88667       1.090051           NA           NA            1.00       0.0000000      0.02145 0.0017083002
6        13.61982      0.1087605      0.2448401   1.731734e-03    0.009839143   6.050800e-06       21.56747       1.071058 0.0002832746 7.118684e-07           10.00       0.0000000      1.64335 0.0591055824
7        15.09449      0.2268892      5.0621743   4.475252e-06    0.009984238   2.164076e-07       38.12088       2.985844 0.0021381723 5.879450e-09            1.00       0.0000000      0.32290 0.0107659062
8        15.09030      0.2264384      5.0558420   5.904051e-03    0.009957456   1.739375e-06       38.06597       2.976449 0.0021352229 2.278031e-06            2.00       0.0000000     20.78390 0.8406723246
9        15.06103      0.2251428      5.0267335   1.125649e-02    0.009851468   5.539759e-06       37.69913       2.941635 0.0021219942 4.335691e-06            8.25       0.2035863      1.21510 0.0517678980
10       15.09030      0.2264384      5.0558420   5.904051e-03    0.009957456   1.739375e-06       38.06597       2.976449 0.0021352229 2.278031e-06            2.00       0.0000000     37.29390 2.6199116949
11       15.09057      0.2268364      5.0625000   0.000000e+00             NA             NA       38.07272       2.983305           NA           NA            1.00       0.0000000      0.01600 0.0002294157
12       15.05357      0.2252060      5.0356860   9.722630e-03    0.009824996   6.257359e-06       37.60931       2.941971 0.0021249273 3.764667e-06           10.00       0.0000000      1.58990 0.0440013696
   iterations_mean iterations_MCSE group_ARI_mean group_ARI_MCSE objective_mean objective_MCSE I_optimal_mean I_optimal_MCSE IMSPE_selected_mean IMSPE_selected_MCSE case R_setting Var_a_setting
1            27.15       0.0819178   0.000000e+00   0.000000e+00             NA             NA             NA             NA                  NA                  NA    8        10          0.50
2            39.00       2.3169853  -4.581609e-05   8.794854e-05      -13.83458      0.1110280      0.1857105    0.003570728            13.83458           0.1110280    8        10          0.50
3           105.40       4.4440380  -2.830389e-04   3.305537e-04             NA             NA             NA             NA                  NA                  NA    8        10          0.50
4            39.00       2.3169853  -3.564231e-05   5.562182e-05             NA             NA             NA             NA                  NA                  NA    8        10          0.50
5             1.00       0.0000000             NA             NA             NA             NA             NA             NA                  NA                  NA    8        10          0.50
6           126.50       3.5254712  -2.519361e-04   1.109870e-04             NA             NA             NA             NA                  NA                  NA    8        10          0.50
7            27.85       0.0819178   0.000000e+00   0.000000e+00             NA             NA             NA             NA                  NA                  NA    8        10          2.25
8            40.15       2.1129613  -4.581609e-05   8.794854e-05      -15.29017      0.2306915      0.2058670    0.006805274            15.29017           0.2306915    8        10          2.25
9           100.45       4.2750654  -1.207431e-04   2.891539e-04             NA             NA             NA             NA                  NA                  NA    8        10          2.25
10           40.15       2.1129613  -3.564231e-05   5.562182e-05             NA             NA             NA             NA                  NA                  NA    8        10          2.25
11            1.00       0.0000000             NA             NA             NA             NA             NA             NA                  NA                  NA    8        10          2.25
12          126.45       3.7066619  -2.519361e-04   1.109870e-04             NA             NA             NA             NA                  NA                  NA    8        10          2.25
