Host: erc-hpc-comp010
MODEL=RI CASE=3 R_LIST=50 VAR_A_LIST=0.5,2.25
LABEL_POLICY=unknown MIS_TYPE=none RHO=0 LAMBDA=0 CIRG_CRITERION=IMSPE
NLOOP=20 SA_MAX=25 EM_MAX=300 K_GRID_POINTS=8 N_CORES=8
============================================================
Method comparison
MODEL=RI cases=3 label_policy=unknown misspec=none rho=0
N=2500 p=50 R=50 Var.a=0.5,2.25
nloop=20 tau=255 lambda=0 CIRG_CRITERION=IMSPE
Budgets: SA_MAX=25 EM_MAX=300 K_GRID_POINTS=8 KMEANS_NUM_INIT=1 KMEANS_MAX_ITERS=25 CPF_LAMBDA_POINTS=6 CPF_MAX_ITER=300 BLM_NSTART=5 N_CORES=8
Methods: LM, KM, OBS, CPF, BLM, CIRG
============================================================

Running case=3 R=50 Var.a=0.5
Saved: results_comparison/RI_case3_R50_vara0.5_lambda0_none.rds 

Running case=3 R=50 Var.a=2.25
Saved: results_comparison/RI_case3_R50_vara2.25_lambda0_none.rds 

Finished. Elapsed minutes: 6.44055 
Saved combined: results_comparison/RI_cases3_R50_vara0.50-2.25_grid_lambda0_none.rds 

   method mis_type rho  n convergence_rate MSPE_mean  MSPE_MCSE beta_MSE_mean beta_MSE_MCSE beta_SSE_mean beta_SSE_MCSE intercept_MSE_mean intercept_MSE_MCSE Var_a_hat_mean Var_a_hat_MCSE Var_b_hat_mean Var_b_hat_MCSE
1     BLM     none  NA 20             1.00  9.466711 0.04948074   0.003681712  0.0001718998     0.1840856   0.008594989         0.02575414        0.006653090    0.063648504    0.004360307             NA             NA
2    CIRG     none  NA 20             0.95  9.410780 0.05003546   0.003665300  0.0001689990     0.1832650   0.008449948         0.03536689        0.009315071    0.030275107    0.006661197             NA             NA
3     CPF     none  NA 20             1.00  9.440286 0.05001370   0.003680066  0.0001711373     0.1840033   0.008556863         0.05650080        0.023945634    0.126496759    0.012363639             NA             NA
4      KM     none  NA 20             1.00  9.401784 0.04938429   0.003655154  0.0001646898     0.1827577   0.008234492         0.03532983        0.010255501    0.027718228    0.004820694             NA             NA
5      LM     none  NA 20             1.00  9.425484 0.04983345   0.003667735  0.0001684081     0.1833868   0.008420405         0.02783787        0.006683815    0.000000000    0.000000000             NA             NA
6     OBS     none  NA 20             1.00  9.426028 0.04970542   0.003669606  0.0001685215     0.1834803   0.008426074         0.02784762        0.006683948    0.007072668    0.001696084             NA             NA
7     BLM     none  NA 20             1.00 10.972810 0.10336901   0.004167311  0.0001879717     0.2083655   0.009398584         0.12320389        0.030823380    0.075812020    0.005052704             NA             NA
8    CIRG     none  NA 20             1.00 10.839466 0.09994013   0.004177992  0.0001839879     0.2088996   0.009199395         0.30793806        0.146911190    0.241911303    0.082809565             NA             NA
9     CPF     none  NA 20             1.00 10.947343 0.10307073   0.004168612  0.0001858743     0.2084306   0.009293713         0.19775342        0.064599197    0.131816447    0.013146291             NA             NA
10     KM     none  NA 20             1.00 10.786244 0.09993507   0.004304024  0.0001963388     0.2152012   0.009816938         0.55241059        0.179485060    0.465290434    0.129584341             NA             NA
11     LM     none  NA 20             1.00 10.927845 0.10155458   0.004154768  0.0001853946     0.2077384   0.009269729         0.12628463        0.030342479    0.000000000    0.000000000             NA             NA
12    OBS     none  NA 20             1.00 10.928643 0.10158123   0.004156525  0.0001853530     0.2078262   0.009267649         0.12631457        0.030349103    0.007650649    0.001728133             NA             NA
   Var_e_hat_mean Var_e_hat_MCSE Var_a_MSE_mean Var_a_MSE_MCSE Var_b_MSE_mean Var_b_MSE_MCSE Var_e_MSE_mean Var_e_MSE_MCSE G_MSE_mean G_MSE_MCSE selected_K_mean selected_K_MCSE runtime_mean runtime_MCSE iterations_mean
1        9.288427     0.02870598      0.1907639    0.003777101             NA             NA     0.09884665     0.01871754         NA         NA            9.90      0.06882472      0.10125 3.344182e-03           11.80
2        9.318071     0.02936288      0.2214845    0.006110526             NA             NA     0.11755052     0.02110857         NA         NA            3.80      0.43889814     13.41965 3.805348e-01           29.40
3        9.314974     0.02956128      0.1424090    0.008825513             NA             NA     0.11581191     0.02086453         NA         NA            4.50      0.36634755      0.34395 1.325568e-02           14.85
4        9.310763     0.03002414      0.2234916    0.004477049             NA             NA     0.11370119     0.02045060         NA         NA            6.00      0.00000000     49.59760 2.108978e+00           15.00
5        9.336813     0.03005398      0.2500000    0.000000000             NA             NA     0.13060482     0.02236067         NA         NA            1.00      0.00000000      0.01175 9.933993e-05            1.00
6        9.330171     0.02972127      0.2430320    0.001654813             NA             NA     0.12579690     0.02172755         NA         NA           50.00      0.00000000      0.95405 6.136832e-02          141.30
7       10.769216     0.10049710      4.7275784    0.022002196             NA             NA     3.32201899     0.36934135         NA         NA            9.80      0.11697953      0.09895 2.810202e-03           11.65
8       10.729728     0.09770906      4.1627113    0.228288057             NA             NA     3.17335319     0.35943968         NA         NA            3.75      0.42224338     12.36200 4.724657e-01            9.55
9       10.800849     0.10144885      4.4899852    0.055316434             NA             NA     3.43860258     0.37859678         NA         NA            4.55      0.36616792      0.33680 1.319462e-02           15.20
10      10.682726     0.09884107      3.5042382    0.363436148             NA             NA     3.01718859     0.34944433         NA         NA            6.00      0.00000000     49.14655 2.063275e+00           12.60
11      10.825139     0.10233898      5.0625000    0.000000000             NA             NA     3.53012401     0.38698528         NA         NA            1.00      0.00000000      0.01160 1.123903e-04            1.00
12      10.817945     0.10196440      5.0281874    0.007734412             NA             NA     3.50246046     0.38436402         NA         NA           50.00      0.00000000      1.01635 6.568034e-02          152.95
   iterations_MCSE group_ARI_mean group_ARI_MCSE objective_mean objective_MCSE I_optimal_mean I_optimal_MCSE IMSPE_selected_mean IMSPE_selected_MCSE case R_setting Var_a_setting
1        0.4952405  -2.667439e-05   1.135698e-04             NA             NA             NA             NA                  NA                  NA    3        50          0.50
2       14.3327744   1.130772e-01   1.510702e-02      -9.384043     0.02971160     0.07636391    0.002975942            9.384043          0.02971160    3        50          0.50
3        2.1229014   2.730817e-05   6.923382e-05             NA             NA             NA             NA                  NA                  NA    3        50          0.50
4        1.9788354   1.961662e-01   2.492588e-03             NA             NA             NA             NA                  NA                  NA    3        50          0.50
5        0.0000000             NA             NA             NA             NA             NA             NA                  NA                  NA    3        50          0.50
6        9.2858409  -1.043958e-04   1.635189e-04             NA             NA             NA             NA                  NA                  NA    3        50          0.50
7        0.4308804   1.358733e-04   1.338164e-04             NA             NA             NA             NA                  NA                  NA    3        50          2.25
8        0.8839951   1.138554e-01   1.536505e-02     -10.806672     0.09849702     0.15015798    0.016445495           10.806672          0.09849702    3        50          2.25
9        2.0475917   1.075266e-05   7.482805e-05             NA             NA             NA             NA                  NA                  NA    3        50          2.25
10       2.0703419   1.961662e-01   2.492588e-03             NA             NA             NA             NA                  NA                  NA    3        50          2.25
11       0.0000000             NA             NA             NA             NA             NA             NA                  NA                  NA    3        50          2.25
12       9.9901201  -1.043958e-04   1.635189e-04             NA             NA             NA             NA                  NA                  NA    3        50          2.25
