Host: erc-hpc-comp185
MODEL=RS CASE=14 R_LIST=10 VAR_A_LIST=0.5,2.25
LABEL_POLICY=unknown MIS_TYPE=none RHO=0 LAMBDA=0 CIRG_CRITERION=IMSPE
NLOOP=20 SA_MAX=25 EM_MAX=300 K_GRID_POINTS=8 N_CORES=8
============================================================
Method comparison
MODEL=RS cases=14 label_policy=unknown misspec=none rho=0
N=2500 p=50 R=10 Var.a=0.5,2.25
nloop=20 tau=255 lambda=0 CIRG_CRITERION=IMSPE
Budgets: SA_MAX=25 EM_MAX=300 K_GRID_POINTS=8 KMEANS_NUM_INIT=1 KMEANS_MAX_ITERS=25 CPF_LAMBDA_POINTS=6 CPF_MAX_ITER=300 BLM_NSTART=5 N_CORES=8
Methods: LM, KM, OBS, CPF, BLM, CIRG
============================================================

Running case=14 R=10 Var.a=0.5
Saved: results_comparison/RS_case14_R10_vara0.5_varb0.1_lambda0_none.rds 

Running case=14 R=10 Var.a=2.25
Saved: results_comparison/RS_case14_R10_vara2.25_varb0.1_lambda0_none.rds 

Finished. Elapsed minutes: 8.254967 
Saved combined: results_comparison/RS_cases14_R10_vara0.50-2.25_varb0.1_grid_lambda0_none.rds 

   method mis_type rho  n convergence_rate MSPE_mean MSPE_MCSE beta_MSE_mean beta_MSE_MCSE beta_SSE_mean beta_SSE_MCSE intercept_MSE_mean intercept_MSE_MCSE Var_a_hat_mean Var_a_hat_MCSE Var_b_hat_mean Var_b_hat_MCSE
1     BLM     none  NA 20                1  14.71122 0.1198063   0.005893918  0.0005352305     0.2946959    0.02676153         0.55170736         0.02753400   7.480534e-05   3.775740e-07   7.431265e-05   3.801846e-07
2    CIRG     none  NA 20                1  13.66318 0.1388924   0.005437200  0.0004961440     0.2718600    0.02480720         0.07844388         0.02611316   1.051323e-03   4.395851e-04   2.260344e-02   1.846000e-03
3     CPF     none  NA 20                1  14.71419 0.1199933   0.005895529  0.0005365925     0.2947765    0.02682962         0.55174394         0.02605578   4.480271e-03   1.193054e-03   6.752587e-04   2.364257e-05
4      KM     none  NA 20                1  13.82551 0.1714257   0.005440856  0.0004863114     0.2720428    0.02431557         0.12621220         0.04325888   9.699596e-04   4.434426e-04   2.077026e-02   2.403756e-03
5      LM     none  NA 20                1  14.71122 0.1198063   0.005893918  0.0005352305     0.2946959    0.02676153         0.55170736         0.02753400   0.000000e+00   0.000000e+00             NA             NA
6     OBS     none  NA 20                1  14.71530 0.1202339   0.005893174  0.0005351919     0.2946587    0.02675960         0.55179198         0.02755657   2.713157e-03   8.894842e-04   9.083919e-04   4.663652e-05
7     BLM     none  NA 20                1  15.81473 0.1279111   0.011480717  0.0007516368     0.5740359    0.03758184         0.61098188         0.05018328   8.035719e-05   4.880983e-07   7.982783e-05   4.887218e-07
8    CIRG     none  NA 20                1  14.79071 0.1495348   0.010572773  0.0007303532     0.5286387    0.03651766         0.12600553         0.03437011   5.118373e-03   1.703120e-03   2.211689e-02   1.896708e-03
9     CPF     none  NA 20                1  15.81913 0.1284739   0.011462249  0.0007506010     0.5731124    0.03753005         0.61099739         0.04995594   4.118905e-03   1.171633e-03   7.762846e-04   3.071349e-05
10     KM     none  NA 20                1  14.94755 0.1771306   0.010616478  0.0007047663     0.5308239    0.03523832         0.17598487         0.05195602   5.050230e-03   1.712619e-03   2.033535e-02   2.420729e-03
11     LM     none  NA 20                1  15.81473 0.1279111   0.011480717  0.0007516368     0.5740359    0.03758184         0.61098188         0.05018328   0.000000e+00   0.000000e+00             NA             NA
12    OBS     none  NA 20                1  15.81941 0.1284432   0.011476978  0.0007515095     0.5738489    0.03757547         0.61108791         0.05018341   2.970671e-03   9.293209e-04   9.571765e-04   4.430380e-05
   Var_e_hat_mean Var_e_hat_MCSE Var_a_MSE_mean Var_a_MSE_MCSE Var_b_MSE_mean Var_b_MSE_MCSE Var_e_MSE_mean Var_e_MSE_MCSE   G_MSE_mean   G_MSE_MCSE selected_K_mean selected_K_MCSE runtime_mean runtime_MCSE
1        14.54422     0.07483468      0.2499252   3.775171e-07    0.009985143   7.598001e-08       30.84480      0.8441652 0.0002880363 1.605204e-09            1.00       0.0000000      0.33120 0.0061278484
2        13.52546     0.09295506      0.2489535   4.364038e-04    0.006054974   3.019773e-04       20.64392      0.8779700 0.0002121116 5.850187e-06            2.35       0.2643264     26.79035 3.3247385060
3        14.51369     0.07523034      0.2455668   1.176329e-03    0.009865415   4.697039e-06       30.50834      0.8433125 0.0002840590 4.709642e-07            7.75       0.2279774      1.44690 0.0617299680
4        13.62412     0.11920260      0.2490347   4.402452e-04    0.006387134   4.045158e-04       21.65250      1.1509698 0.0002185280 7.826076e-06            2.00       0.0000000     61.75675 4.5755231630
5        14.54040     0.07481504      0.2500000   0.000000e+00             NA             NA       30.80242      0.8433689           NA           NA            1.00       0.0000000      0.01660 0.0002554665
6        14.50239     0.07491914      0.2473092   8.793022e-04    0.009819188   9.231280e-06       30.38298      0.8385620 0.0002838403 3.924277e-07           10.00       0.0000000      1.88660 0.0544641553
7        15.62364     0.09603783      5.0621384   2.196363e-06    0.009984041   9.766589e-08       44.04782      1.2875433 0.0021381547 2.720239e-09            1.00       0.0000000      0.32735 0.0048347835
8        14.62364     0.10243411      5.0395486   7.628617e-03    0.006134131   3.093268e-04       31.82471      1.1995829 0.0020554614 7.629389e-06            2.35       0.2643264     26.80060 3.7435917072
9        15.58855     0.09521723      5.0440080   5.257012e-03    0.009845364   6.095538e-06       43.58124      1.2698581 0.0021285183 2.045127e-06            8.15       0.1956770      1.54850 0.0732519624
10       14.71922     0.12480677      5.0398552   7.671379e-03    0.006457795   4.062790e-04       33.00543      1.4771922 0.0020618012 9.466353e-06            2.00       0.0000000     61.95965 4.5981368683
11       15.61954     0.09601263      5.0625000   0.000000e+00             NA             NA       43.99342      1.2864142           NA           NA            1.00       0.0000000      0.01835 0.0013884391
12       15.57968     0.09544323      5.0491572   4.171218e-03    0.009809518   8.765932e-06       43.46527      1.2713908 0.0021298090 1.652017e-06           10.00       0.0000000      2.09000 0.0690120889
   iterations_mean iterations_MCSE group_ARI_mean group_ARI_MCSE objective_mean objective_MCSE I_optimal_mean I_optimal_MCSE IMSPE_selected_mean IMSPE_selected_MCSE case R_setting Var_a_setting
1            26.00        0.000000   0.000000e+00   0.0000000000             NA             NA             NA             NA                  NA                  NA   14        10          0.50
2            42.85        4.794336   3.807499e-02   0.0030284360      -13.71056     0.09330203      0.6386585     0.05304483            13.71056          0.09330203   14        10          0.50
3           110.35        4.601073   8.927003e-05   0.0002189363             NA             NA             NA             NA                  NA                  NA   14        10          0.50
4            37.40        1.790913   3.761771e-02   0.0039674389             NA             NA             NA             NA                  NA                  NA   14        10          0.50
5             1.00        0.000000             NA             NA             NA             NA             NA             NA                  NA                  NA   14        10          0.50
6           141.30        4.803562  -2.519361e-04   0.0001109870             NA             NA             NA             NA                  NA                  NA   14        10          0.50
7            26.00        0.000000   0.000000e+00   0.0000000000             NA             NA             NA             NA                  NA                  NA   14        10          2.25
8            41.45        5.371207   3.807499e-02   0.0030284360      -14.82174     0.10246505      0.6374262     0.05441738            14.82174          0.10246505   14        10          2.25
9           117.45        5.343700  -1.559157e-04   0.0002130892             NA             NA             NA             NA                  NA                  NA   14        10          2.25
10           36.85        3.741851   3.761771e-02   0.0039674389             NA             NA             NA             NA                  NA                  NA   14        10          2.25
11            1.00        0.000000             NA             NA             NA             NA             NA             NA                  NA                  NA   14        10          2.25
12          141.35        4.800918  -2.519361e-04   0.0001109870             NA             NA             NA             NA                  NA                  NA   14        10          2.25
