Host: erc-hpc-comp005
MODEL=RI CASE=4 R_LIST=50 VAR_A_LIST=0.5,2.25
LABEL_POLICY=unknown MIS_TYPE=none RHO=0 LAMBDA=0 CIRG_CRITERION=IMSPE
NLOOP=20 SA_MAX=25 EM_MAX=300 K_GRID_POINTS=8 N_CORES=8
============================================================
Method comparison
MODEL=RI cases=4 label_policy=unknown misspec=none rho=0
N=2500 p=50 R=50 Var.a=0.5,2.25
nloop=20 tau=255 lambda=0 CIRG_CRITERION=IMSPE
Budgets: SA_MAX=25 EM_MAX=300 K_GRID_POINTS=8 KMEANS_NUM_INIT=1 KMEANS_MAX_ITERS=25 CPF_LAMBDA_POINTS=6 CPF_MAX_ITER=300 BLM_NSTART=5 N_CORES=8
Methods: LM, KM, OBS, CPF, BLM, CIRG
============================================================

Running case=4 R=50 Var.a=0.5
Saved: results_comparison/RI_case4_R50_vara0.5_lambda0_none.rds 

Running case=4 R=50 Var.a=2.25
Saved: results_comparison/RI_case4_R50_vara2.25_lambda0_none.rds 

Finished. Elapsed minutes: 12.68882 
Saved combined: results_comparison/RI_cases4_R50_vara0.50-2.25_grid_lambda0_none.rds 

   method mis_type rho  n convergence_rate MSPE_mean  MSPE_MCSE beta_MSE_mean beta_MSE_MCSE beta_SSE_mean beta_SSE_MCSE intercept_MSE_mean intercept_MSE_MCSE Var_a_hat_mean Var_a_hat_MCSE Var_b_hat_mean Var_b_hat_MCSE
1     BLM     none  NA 20                1  9.460755 0.05047672   0.002060731  0.0001109226     0.1030366   0.005546130         0.03095266        0.008286937    0.062628705    0.004344134             NA             NA
2    CIRG     none  NA 20                1  9.401021 0.04932764   0.002022045  0.0001083723     0.1011022   0.005418614         0.21925367        0.092522441    0.146902267    0.061716961             NA             NA
3     CPF     none  NA 20                1  9.433157 0.05040255   0.002046067  0.0001101380     0.1023033   0.005506900         0.05523746        0.018670473    0.125482771    0.012129224             NA             NA
4      KM     none  NA 20                1  9.389716 0.04883933   0.002028674  0.0001094113     0.1014337   0.005470566         0.09601449        0.044053797    0.093796642    0.043136338             NA             NA
5      LM     none  NA 20                1  9.418825 0.05009770   0.002037859  0.0001107618     0.1018929   0.005538089         0.02901344        0.007056426    0.000000000    0.000000000             NA             NA
6     OBS     none  NA 20                1  9.419813 0.04999073   0.002039442  0.0001105466     0.1019721   0.005527329         0.02901466        0.007055183    0.007109057    0.001688652             NA             NA
7     BLM     none  NA 20                1 10.974220 0.10801933   0.002389735  0.0001272310     0.1194868   0.006361550         0.12952944        0.032423430    0.073196644    0.005281156             NA             NA
8    CIRG     none  NA 20                1 10.817213 0.10485994   0.002347063  0.0001226214     0.1173531   0.006131068         1.10607987        0.427537444    0.803301875    0.284734157             NA             NA
9     CPF     none  NA 20                1 10.948231 0.10755172   0.002365721  0.0001267376     0.1182860   0.006336881         0.21150158        0.065596591    0.130653101    0.012245068             NA             NA
10     KM     none  NA 20                1 10.760090 0.10231209   0.002336977  0.0001278247     0.1168488   0.006391234         0.75211384        0.281298867    0.679309802    0.219179725             NA             NA
11     LM     none  NA 20                1 10.926416 0.10593396   0.002362819  0.0001290617     0.1181410   0.006453085         0.12933254        0.031231171    0.000000000    0.000000000             NA             NA
12    OBS     none  NA 20                1 10.927698 0.10600141   0.002364828  0.0001286646     0.1182414   0.006433228         0.12934549        0.031235845    0.007701614    0.001788190             NA             NA
   Var_e_hat_mean Var_e_hat_MCSE Var_a_MSE_mean Var_a_MSE_MCSE Var_b_MSE_mean Var_b_MSE_MCSE Var_e_MSE_mean Var_e_MSE_MCSE G_MSE_mean G_MSE_MCSE selected_K_mean selected_K_MCSE runtime_mean runtime_MCSE iterations_mean
1        9.289307     0.02901995      0.1916522    0.003784684             NA             NA     0.09969934     0.01868029         NA         NA             9.9      0.06882472      0.15865  0.020001352           11.35
2        9.310889     0.03046589      0.1970487    0.023087766             NA             NA     0.11428720     0.02012787         NA         NA             3.6      0.35835883     21.51640  2.738771441           14.25
3        9.317890     0.02974624      0.1430584    0.008688280             NA             NA     0.11786577     0.02059348         NA         NA             4.8      0.28654016      0.52780  0.056793189           14.80
4        9.304197     0.03027498      0.2003553    0.014592795             NA             NA     0.10995076     0.01954154         NA         NA             6.0      0.00000000    112.61490 11.015328789           16.00
5        9.338157     0.03047962      0.2500000    0.000000000             NA             NA     0.13200144     0.02231754         NA         NA             1.0      0.00000000      0.02380  0.002562482            1.00
6        9.331470     0.03006449      0.2429957    0.001647532             NA             NA     0.12704568     0.02167387         NA         NA            50.0      0.00000000      2.94055  0.314592715          142.30
7       10.768259     0.10081732      4.7390028    0.022966131             NA             NA     3.31985942     0.36700391         NA         NA             9.7      0.10513150      0.15575  0.015713533           11.55
8       10.696319     0.10073917      3.6333327    0.511668297             NA             NA     3.07031697     0.35453343         NA         NA             4.6      0.70859386     21.00410  2.974051672           18.30
9       10.798382     0.10166121      4.4944802    0.051419004             NA             NA     3.43054333     0.37639870         NA         NA             4.6      0.36562851      0.50235  0.043309916           14.55
10      10.653183     0.09933994      3.3798230    0.356009415             NA             NA     2.92051354     0.33225517         NA         NA             6.0      0.00000000    106.36440  6.396232084           12.30
11      10.824646     0.10283371      5.0625000    0.000000000             NA             NA     3.53025522     0.38537312         NA         NA             1.0      0.00000000      0.01890  0.002100000            1.00
12      10.817395     0.10231643      5.0279628    0.008000568             NA             NA     3.50182936     0.38224307         NA         NA            50.0      0.00000000      3.09835  0.318085021          154.80
   iterations_MCSE group_ARI_mean group_ARI_MCSE objective_mean objective_MCSE I_optimal_mean I_optimal_MCSE IMSPE_selected_mean IMSPE_selected_MCSE case R_setting Var_a_setting
1        0.4308804   1.184106e-05   1.167392e-04             NA             NA             NA             NA                  NA                  NA    4        50          0.50
2        1.1895930   1.150232e-01   1.434937e-02      -9.376943     0.03054498      0.1093993     0.01491622            9.376943          0.03054498    4        50          0.50
3        1.1088163   8.555373e-05   6.598122e-05             NA             NA             NA             NA                  NA                  NA    4        50          0.50
4        2.2664603   2.104509e-01   2.819114e-03             NA             NA             NA             NA                  NA                  NA    4        50          0.50
5        0.0000000             NA             NA             NA             NA             NA             NA                  NA                  NA    4        50          0.50
6        9.4454389  -1.043958e-04   1.635189e-04             NA             NA             NA             NA                  NA                  NA    4        50          0.50
7        0.6003289  -6.890534e-06   1.287470e-04             NA             NA             NA             NA                  NA                  NA    4        50          2.25
8        6.4245008   1.349889e-01   1.585564e-02     -10.773985     0.10131400      0.2886178     0.06394012           10.773985          0.10131400    4        50          2.25
9        1.3425722  -2.543559e-05   9.418695e-05             NA             NA             NA             NA                  NA                  NA    4        50          2.25
10       1.7322027   2.104509e-01   2.819114e-03             NA             NA             NA             NA                  NA                  NA    4        50          2.25
11       0.0000000             NA             NA             NA             NA             NA             NA                  NA                  NA    4        50          2.25
12      10.4510387  -1.043958e-04   1.635189e-04             NA             NA             NA             NA                  NA                  NA    4        50          2.25
