Host: erc-hpc-comp184
MODEL=RS CASE=11 R_LIST=20 VAR_A_LIST=0.5,2.25
LABEL_POLICY=unknown MIS_TYPE=none RHO=0 LAMBDA=0 CIRG_CRITERION=IMSPE
NLOOP=20 SA_MAX=25 EM_MAX=300 K_GRID_POINTS=8 N_CORES=8
============================================================
Method comparison
MODEL=RS cases=11 label_policy=unknown misspec=none rho=0
N=2500 p=50 R=20 Var.a=0.5,2.25
nloop=20 tau=255 lambda=0 CIRG_CRITERION=IMSPE
Budgets: SA_MAX=25 EM_MAX=300 K_GRID_POINTS=8 KMEANS_NUM_INIT=1 KMEANS_MAX_ITERS=25 CPF_LAMBDA_POINTS=6 CPF_MAX_ITER=300 BLM_NSTART=5 N_CORES=8
Methods: LM, KM, OBS, CPF, BLM, CIRG
============================================================

Running case=11 R=20 Var.a=0.5
Saved: results_comparison/RS_case11_R20_vara0.5_varb0.1_lambda0_none.rds 

Running case=11 R=20 Var.a=2.25
Saved: results_comparison/RS_case11_R20_vara2.25_varb0.1_lambda0_none.rds 

Finished. Elapsed minutes: 8.72665 
Saved combined: results_comparison/RS_cases11_R20_vara0.50-2.25_varb0.1_grid_lambda0_none.rds 

   method mis_type rho  n convergence_rate MSPE_mean  MSPE_MCSE beta_MSE_mean beta_MSE_MCSE beta_SSE_mean beta_SSE_MCSE intercept_MSE_mean intercept_MSE_MCSE Var_a_hat_mean Var_a_hat_MCSE Var_b_hat_mean Var_b_hat_MCSE
1     BLM     none  NA 20                1  12.17000 0.07636401   0.029170002  0.0009681284     1.4585001    0.04840642          2.3484141         0.11660460   6.029527e-05   4.530431e-07   0.0001645149   1.171811e-06
2    CIRG     none  NA 20                1  10.04120 0.06561938   0.006824169  0.0003677806     0.3412085    0.01838903          0.3331208         0.07250140   4.586942e-01   5.271807e-02   0.0859529828   3.897603e-03
3     CPF     none  NA 20                1  12.16800 0.07579843   0.029211589  0.0009608114     1.4605794    0.04804057          2.3332764         0.11852083   9.533811e-03   1.870112e-03   0.0014987117   8.229372e-05
4      KM     none  NA 20                1  10.26305 0.04108134   0.006996267  0.0004048643     0.3498133    0.02024321          0.7241479         0.06084706   5.646332e-01   5.593008e-02   0.0736196219   1.831472e-03
5      LM     none  NA 20                1  12.17000 0.07636401   0.029170002  0.0009681284     1.4585001    0.04840642          2.3484141         0.11660460   0.000000e+00   0.000000e+00             NA             NA
6     OBS     none  NA 20                1  12.17188 0.07561140   0.029172035  0.0009683311     1.4586018    0.04841655          2.3479608         0.11655281   1.965226e-03   6.737753e-04   0.0027433468   1.393309e-04
7     BLM     none  NA 20                1  12.32473 0.07958542   0.035889533  0.0012503587     1.7944767    0.06251793          2.3741206         0.11828902   6.111279e-05   4.678033e-07   0.0001667447   1.209303e-06
8    CIRG     none  NA 20                1  10.08798 0.06690659   0.007647339  0.0004482263     0.3823670    0.02241132          0.3376190         0.07510274   1.242711e+00   1.172266e-01   0.0871628158   3.829484e-03
9     CPF     none  NA 20                1  12.32284 0.07917490   0.035969477  0.0012403694     1.7984738    0.06201847          2.3591103         0.11839900   8.062671e-03   1.833026e-03   0.0016539141   8.262952e-05
10     KM     none  NA 20                1  10.32399 0.04237178   0.007938376  0.0005232327     0.3969188    0.02616164          0.7062498         0.07308836   1.041927e+00   7.578835e-02   0.0752681441   1.839476e-03
11     LM     none  NA 20                1  12.32473 0.07958542   0.035889533  0.0012503587     1.7944767    0.06251793          2.3741206         0.11828902   0.000000e+00   0.000000e+00             NA             NA
12    OBS     none  NA 20                1  12.32671 0.07915381   0.035894312  0.0012507424     1.7947156    0.06253712          2.3736393         0.11823834   1.841898e-03   6.272516e-04   0.0027781139   1.428068e-04
   Var_e_hat_mean Var_e_hat_MCSE Var_a_MSE_mean Var_a_MSE_MCSE Var_b_MSE_mean Var_b_MSE_MCSE Var_e_MSE_mean Var_e_MSE_MCSE   G_MSE_mean   G_MSE_MCSE selected_K_mean selected_K_MCSE runtime_mean runtime_MCSE
1       11.975283     0.07751097     0.24993971   4.529881e-07   0.0099671241   2.339751e-07      8.9664614      0.4650712 2.876955e-04 4.629915e-09            1.00       0.0000000      0.35855 0.0050312053
2        9.774662     0.07895361     0.05451087   1.686189e-02   0.0004859536   1.159219e-04      0.7185410      0.1403555 3.029933e-05 5.872286e-06            3.45       0.3515005     17.24185 2.2867031431
3       11.944431     0.07669816     0.24062353   1.821023e-03   0.0097026325   1.621109e-05      8.7814449      0.4567522 2.790293e-04 8.093286e-07           11.30       0.3000000      2.25625 0.0735281856
4       10.010789     0.05093279     0.06361276   2.786750e-02   0.0007596559   9.226821e-05      1.0709826      0.1074581 3.906019e-05 1.014915e-05            2.00       0.0000000     70.92250 3.6122334034
5       11.972062     0.07748977     0.25000000   0.000000e+00             NA             NA      8.9472391      0.4644445           NA           NA            1.00       0.0000000      0.01565 0.0002436024
6       11.925512     0.07682646     0.24804726   6.662648e-04   0.0094592254   2.701777e-05      8.6707627      0.4553508 2.772044e-04 6.099144e-07           20.00       0.0000000      3.64455 0.0766052243
7       12.137409     0.07869490     5.06222500   2.105058e-06   0.0099666789   2.414560e-07      9.9609986      0.4927727 2.137854e-03 5.282584e-09            1.00       0.0000000      0.35930 0.0051672552
8        9.835811     0.08185270     1.27573151   2.043647e-01   0.0004434272   1.040417e-04      0.8258783      0.1575540 4.990015e-04 7.971874e-05            3.45       0.3515005     15.77235 1.8595183846
9       12.105210     0.07797990     5.02634683   8.200020e-03   0.0096720823   1.622984e-05      9.7578676      0.4845695 2.118397e-03 3.259836e-06           11.70       0.3332456      2.09445 0.0664586328
10      10.077505     0.05479232     1.56857314   1.735399e-01   0.0006759545   8.776271e-05      1.2180579      0.1222424 6.160595e-04 6.741385e-05            2.00       0.0000000     67.33025 3.4151558783
11      12.134144     0.07867351     5.06250000   0.000000e+00             NA             NA      9.9404568      0.4921265           NA           NA            1.00       0.0000000      0.01455 0.0001983484
12      12.087112     0.07804346     5.05422233   2.816106e-03   0.0094524826   2.767772e-05      9.6459865      0.4827650 2.124893e-03 1.254174e-06           20.00       0.0000000      3.65080 0.0907610686
   iterations_mean iterations_MCSE group_ARI_mean group_ARI_MCSE objective_mean objective_MCSE I_optimal_mean I_optimal_MCSE IMSPE_selected_mean IMSPE_selected_MCSE case R_setting Var_a_setting
1            27.00       0.0000000   0.000000e+00   0.0000000000             NA             NA             NA             NA                  NA                  NA   11        20          0.50
2            18.10       7.3841580   1.976661e-01   0.0193913505      -9.975738     0.06790743      0.8493812     0.05698835            9.975738          0.06790743   11        20          0.50
3           152.85       5.6065164  -4.559625e-04   0.0002354805             NA             NA             NA             NA                  NA                  NA   11        20          0.50
4             6.80       0.1169795   1.209117e-01   0.0033129608             NA             NA             NA             NA                  NA                  NA   11        20          0.50
5             1.00       0.0000000             NA             NA             NA             NA             NA             NA                  NA                  NA   11        20          0.50
6           213.20       4.4565741  -3.373013e-05   0.0001038553             NA             NA             NA             NA                  NA                  NA   11        20          0.50
7            27.00       0.0000000   0.000000e+00   0.0000000000             NA             NA             NA             NA                  NA                  NA   11        20          2.25
8             7.75       0.3067229   1.976661e-01   0.0193913505     -10.038692     0.07089282      1.0935427     0.06515803           10.038692          0.07089282   11        20          2.25
9           146.60       3.7762415  -1.209183e-04   0.0002322966             NA             NA             NA             NA                  NA                  NA   11        20          2.25
10            6.65       0.1094243   1.209117e-01   0.0033129608             NA             NA             NA             NA                  NA                  NA   11        20          2.25
11            1.00       0.0000000             NA             NA             NA             NA             NA             NA                  NA                  NA   11        20          2.25
12          213.35       4.2104350  -3.373013e-05   0.0001038553             NA             NA             NA             NA                  NA                  NA   11        20          2.25
