Host: erc-hpc-comp028
MODEL=RI CASE=13 R_LIST=20 VAR_A_LIST=0.5,2.25
LABEL_POLICY=unknown MIS_TYPE=none RHO=0 LAMBDA=0 CIRG_CRITERION=IMSPE
NLOOP=20 SA_MAX=25 EM_MAX=300 K_GRID_POINTS=8 N_CORES=8
============================================================
Method comparison
MODEL=RI cases=13 label_policy=unknown misspec=none rho=0
N=2500 p=50 R=20 Var.a=0.5,2.25
nloop=20 tau=255 lambda=0 CIRG_CRITERION=IMSPE
Budgets: SA_MAX=25 EM_MAX=300 K_GRID_POINTS=8 KMEANS_NUM_INIT=1 KMEANS_MAX_ITERS=25 CPF_LAMBDA_POINTS=6 CPF_MAX_ITER=300 BLM_NSTART=5 N_CORES=8
Methods: LM, KM, OBS, CPF, BLM, CIRG
============================================================

Running case=13 R=20 Var.a=0.5
Saved: results_comparison/RI_case13_R20_vara0.5_lambda0_none.rds 

Running case=13 R=20 Var.a=2.25
Saved: results_comparison/RI_case13_R20_vara2.25_lambda0_none.rds 

Finished. Elapsed minutes: 7.99595 
Saved combined: results_comparison/RI_cases13_R20_vara0.50-2.25_grid_lambda0_none.rds 

   method mis_type rho  n convergence_rate MSPE_mean  MSPE_MCSE beta_MSE_mean beta_MSE_MCSE beta_SSE_mean beta_SSE_MCSE intercept_MSE_mean intercept_MSE_MCSE Var_a_hat_mean Var_a_hat_MCSE Var_b_hat_mean Var_b_hat_MCSE
1     BLM     none  NA 20                1  9.358718 0.05745787   0.006013414  0.0002454102     0.3006707    0.01227051        0.004576392        0.000920016    0.021898159   0.0022612846             NA             NA
2    CIRG     none  NA 20                1  9.348467 0.05797476   0.005865297  0.0002733408     0.2932648    0.01366704        0.005754474        0.001219850    0.006665656   0.0043494199             NA             NA
3     CPF     none  NA 20                1  9.352746 0.05732804   0.006006544  0.0002451324     0.3003272    0.01225662        0.005266582        0.001109080    0.013152280   0.0017479231             NA             NA
4      KM     none  NA 20                1  9.347741 0.05830579   0.005944939  0.0002520307     0.2972470    0.01260153        0.005323383        0.001102870    0.002690571   0.0020737724             NA             NA
5      LM     none  NA 20                1  9.346911 0.05825975   0.005993122  0.0002448563     0.2996561    0.01224282        0.005239684        0.001094413    0.000000000   0.0000000000             NA             NA
6     OBS     none  NA 20                1  9.348153 0.05783921   0.005996447  0.0002447127     0.2998223    0.01223563        0.005238030        0.001093730    0.004404744   0.0009468924             NA             NA
7     BLM     none  NA 20                1 10.457295 0.07309618   0.017943610  0.0004608480     0.8971805    0.02304240        0.020665525        0.003835172    0.024220129   0.0024459185             NA             NA
8    CIRG     none  NA 20                1 10.431458 0.07487996   0.016982527  0.0007859076     0.8491263    0.03929538        0.024482117        0.005440739    0.026105598   0.0137349565             NA             NA
9     CPF     none  NA 20                1 10.450411 0.07327051   0.017927682  0.0004608585     0.8963841    0.02304292        0.021547810        0.003942020    0.013388926   0.0019572080             NA             NA
10     KM     none  NA 20                1 10.440233 0.07536419   0.017498690  0.0005885172     0.8749345    0.02942586        0.022225127        0.004144886    0.010552927   0.0055187024             NA             NA
11     LM     none  NA 20                1 10.444176 0.07438563   0.017911493  0.0004614530     0.8955747    0.02307265        0.021838617        0.004077552    0.000000000   0.0000000000             NA             NA
12    OBS     none  NA 20                1 10.445574 0.07395576   0.017916258  0.0004612873     0.8958129    0.02306437        0.021834076        0.004075648    0.004660437   0.0010535323             NA             NA
   Var_e_hat_mean Var_e_hat_MCSE Var_a_MSE_mean Var_a_MSE_MCSE Var_b_MSE_mean Var_b_MSE_MCSE Var_e_MSE_mean Var_e_MSE_MCSE G_MSE_mean G_MSE_MCSE selected_K_mean selected_K_MCSE runtime_mean runtime_MCSE iterations_mean
1        9.220129     0.03528172      0.2286785   0.0021505914             NA             NA     0.07210778     0.01396270         NA         NA            6.95       0.0500000      0.16365  0.013555980           16.70
2        9.234404     0.03558141      0.2437382   0.0040379756             NA             NA     0.07899974     0.01531819         NA         NA            2.20       0.1555973     15.38375  0.823756731           21.30
3        9.225494     0.03532703      0.2370788   0.0016973754             NA             NA     0.07455948     0.01439754         NA         NA           11.65       0.3101358      0.41575  0.049465824           37.20
4        9.236265     0.03566127      0.2473984   0.0019911226             NA             NA     0.07998402     0.01528840         NA         NA            2.00       0.0000000     68.23635  5.509981488           19.80
5        9.237027     0.03563838      0.2500000   0.0000000000             NA             NA     0.08031350     0.01526673         NA         NA            1.00       0.0000000      0.07100  0.009700787            1.00
6        9.232866     0.03539689      0.2456317   0.0009329865             NA             NA     0.07803259     0.01491238         NA         NA           20.00       0.0000000      2.59830  0.417064668           81.90
7       10.295908     0.04221854      4.9542097   0.0108620735             NA             NA     1.71324269     0.10971027         NA         NA            6.85       0.0819178      0.16320  0.010435920           16.25
8       10.302998     0.04412652      4.9492906   0.0588346207             NA             NA     1.73479839     0.11551272         NA         NA            2.55       0.2457534     16.93565  1.296160338           27.75
9       10.303400     0.04218930      5.0025019   0.0087338377             NA             NA     1.73267051     0.11023164         NA         NA           12.25       0.1758438      0.46080  0.044580064           43.65
10      10.311694     0.04259562      5.0157019   0.0243518658             NA             NA     1.75501541     0.11211580         NA         NA            2.00       0.0000000     62.52325  5.771126515           25.20
11      10.315055     0.04243172      5.0625000   0.0000000000             NA             NA     1.76357775     0.11168354         NA         NA            1.00       0.0000000      0.03235  0.005531857            1.00
12      10.310635     0.04235000      5.0415708   0.0047202994             NA             NA     1.75183976     0.11125938         NA         NA           20.00       0.0000000      1.53230  0.196414533           89.80
   iterations_MCSE group_ARI_mean group_ARI_MCSE objective_mean objective_MCSE I_optimal_mean I_optimal_MCSE IMSPE_selected_mean IMSPE_selected_MCSE case R_setting Var_a_setting
1         1.078742  -4.081567e-04   0.0002485890             NA             NA             NA             NA                  NA                  NA   13        20          0.50
2         2.201794   8.446302e-02   0.0053599736      -9.297963     0.03585870     0.06586478    0.001535747            9.297963          0.03585870   13        20          0.50
3         4.805479  -5.895756e-04   0.0002985322             NA             NA             NA             NA                  NA                  NA   13        20          0.50
4         1.040243   8.125917e-02   0.0034900566             NA             NA             NA             NA                  NA                  NA   13        20          0.50
5         0.000000             NA             NA             NA             NA             NA             NA                  NA                  NA   13        20          0.50
6         5.136505  -3.373013e-05   0.0001038553             NA             NA             NA             NA                  NA                  NA   13        20          0.50
7         1.174006  -2.164428e-04   0.0002130299             NA             NA             NA             NA                  NA                  NA   13        20          2.25
8         6.178432   9.406172e-02   0.0080144506     -10.374386     0.04434036     0.07860432    0.003288617           10.374386          0.04434036   13        20          2.25
9         5.228603  -3.654882e-04   0.0002862957             NA             NA             NA             NA                  NA                  NA   13        20          2.25
10        4.708671   8.125917e-02   0.0034900566             NA             NA             NA             NA                  NA                  NA   13        20          2.25
11        0.000000             NA             NA             NA             NA             NA             NA                  NA                  NA   13        20          2.25
12        5.184796  -3.373013e-05   0.0001038553             NA             NA             NA             NA                  NA                  NA   13        20          2.25
