Host: erc-hpc-comp002
MODEL=RS CASE=1 R_LIST=50 VAR_A_LIST=0.5,2.25
LABEL_POLICY=unknown MIS_TYPE=none RHO=0 LAMBDA=0 CIRG_CRITERION=IMSPE
NLOOP=20 SA_MAX=25 EM_MAX=300 K_GRID_POINTS=8 N_CORES=8
============================================================
Method comparison
MODEL=RS cases=1 label_policy=unknown misspec=none rho=0
N=2500 p=50 R=50 Var.a=0.5,2.25
nloop=20 tau=255 lambda=0 CIRG_CRITERION=IMSPE
Budgets: SA_MAX=25 EM_MAX=300 K_GRID_POINTS=8 KMEANS_NUM_INIT=1 KMEANS_MAX_ITERS=25 CPF_LAMBDA_POINTS=6 CPF_MAX_ITER=300 BLM_NSTART=5 N_CORES=8
Methods: LM, KM, OBS, CPF, BLM, CIRG
============================================================

Running case=1 R=50 Var.a=0.5
Saved: results_comparison/RS_case1_R50_vara0.5_varb0.1_lambda0_none.rds 

Running case=1 R=50 Var.a=2.25
Saved: results_comparison/RS_case1_R50_vara2.25_varb0.1_lambda0_none.rds 

Finished. Elapsed minutes: 6.951917 
Saved combined: results_comparison/RS_cases1_R50_vara0.50-2.25_varb0.1_grid_lambda0_none.rds 

   method mis_type rho  n convergence_rate MSPE_mean  MSPE_MCSE beta_MSE_mean beta_MSE_MCSE beta_SSE_mean beta_SSE_MCSE intercept_MSE_mean intercept_MSE_MCSE Var_a_hat_mean Var_a_hat_MCSE Var_b_hat_mean Var_b_hat_MCSE
1     BLM     none  NA 20                1  11.08831 0.06029226   0.007301220  0.0003894909     0.3650610    0.01947455         0.01734305        0.005806656   5.609914e-05   2.614781e-07   0.0001681120   7.728670e-07
2    CIRG     none  NA 20                1  11.08822 0.06041850   0.007350005  0.0003825266     0.3675002    0.01912633         0.01728656        0.005815202   1.653336e-03   1.069966e-03   0.0006630842   1.449743e-04
3     CPF     none  NA 20                1  11.10802 0.06128854   0.007298248  0.0003899721     0.3649124    0.01949861         0.05631190        0.016563491   1.426999e-01   1.154231e-02   0.0002891665   6.972591e-06
4      KM     none  NA 20                1  11.08881 0.06025623   0.007338069  0.0003804161     0.3669034    0.01902080         0.01733233        0.005829661   9.911418e-04   8.816100e-04   0.0003887781   1.144015e-05
5      LM     none  NA 20                1  11.08831 0.06029226   0.007301220  0.0003894909     0.3650610    0.01947455         0.01734305        0.005806656   0.000000e+00   0.000000e+00             NA             NA
6     OBS     none  NA 20                0  11.09256 0.06102586   0.007310769  0.0003914645     0.3655384    0.01957323         0.01735548        0.005835902   5.554632e-03   1.567331e-03   0.0084765321   4.136085e-04
7     BLM     none  NA 20                1  12.62271 0.11494326   0.007750234  0.0004035413     0.3875117    0.02017706         0.07236059        0.025121044   6.403207e-05   6.063656e-07   0.0001918844   1.810332e-06
8    CIRG     none  NA 20                1  12.62275 0.11498484   0.007825362  0.0003892314     0.3912681    0.01946157         0.07210566        0.025144469   2.184637e-03   1.727142e-03   0.0007587989   1.676572e-04
9     CPF     none  NA 20                1  12.65158 0.11549390   0.007747862  0.0004059654     0.3873931    0.02029827         0.15760266        0.051256350   1.624380e-01   1.584275e-02   0.0003220128   1.072022e-05
10     KM     none  NA 20                1  12.62377 0.11511729   0.007818330  0.0003876785     0.3909165    0.01938392         0.07219180        0.025164689   1.833328e-03   1.711336e-03   0.0004156823   1.230260e-05
11     LM     none  NA 20                1  12.62271 0.11494326   0.007750234  0.0004035413     0.3875117    0.02017706         0.07236059        0.025121044   0.000000e+00   0.000000e+00             NA             NA
12    OBS     none  NA 20                0  12.62679 0.11550571   0.007756341  0.0004051698     0.3878171    0.02025849         0.07234905        0.025185193   6.625953e-03   1.864456e-03   0.0097779738   5.323136e-04
   Var_e_hat_mean Var_e_hat_MCSE Var_a_MSE_mean Var_a_MSE_MCSE Var_b_MSE_mean Var_b_MSE_MCSE Var_e_MSE_mean Var_e_MSE_MCSE   G_MSE_mean   G_MSE_MCSE selected_K_mean selected_K_MCSE runtime_mean runtime_MCSE
1        10.92114     0.05075580      0.2499439   2.614486e-07    0.009966406   1.543117e-07       3.739710      0.2025025 0.0002876833 3.066720e-09            1.00       0.0000000      0.32640 0.0017731922
2        10.91278     0.04920629      0.2483711   1.052548e-03    0.009868222   2.854943e-05       3.704723      0.1948584 0.0002851912 7.015396e-07            2.95       0.4070109     28.55440 2.5596878782
3        10.89861     0.05187614      0.1301946   8.252845e-03    0.009942251   1.390387e-06       3.655846      0.2045902 0.0002411792 3.161406e-06            4.75       0.2500000      1.57315 0.0737179288
4        10.91812     0.05075451      0.2490246   8.658740e-04    0.009922398   2.279632e-06       3.728143      0.2022131 0.0002864839 3.311095e-07            2.00       0.0000000     27.32380 0.9630808776
5        10.91828     0.05074252      0.2500000   0.000000e+00             NA             NA       3.728719      0.2021583           NA           NA            1.00       0.0000000      0.01305 0.0001846048
6        10.78645     0.04950944      0.2445229   1.531606e-03    0.008379796   7.562922e-05       3.237990      0.1847825 0.0002550991 1.273002e-06           50.00       0.0000000      7.23655 0.1218812510
7        12.46548     0.11794895      5.0622119   2.728567e-06    0.009961660   3.613618e-07      12.273882      0.8610774 0.0021377527 7.995194e-09            1.00       0.0000000      0.35635 0.0026668284
8        12.45549     0.11664436      5.0527306   7.713972e-03    0.009849350   3.294532e-05      12.198938      0.8492107 0.0021319485 2.982389e-06            3.15       0.4546543     33.37430 3.1389111782
9        12.43735     0.11853180      4.3626839   6.568278e-02    0.009935703   2.136737e-06      12.082352      0.8594971 0.0018683080 2.524740e-05            4.75       0.3067229      1.77315 0.0911949697
10       12.46178     0.11778652      5.0543090   7.642023e-03    0.009917039   2.451268e-06      12.247526      0.8592182 0.0021338566 2.936271e-06            2.00       0.0000000     29.41220 1.0526049631
11       12.46222     0.11791810      5.0625000   0.000000e+00             NA             NA      12.251160      0.8600740           NA           NA            1.00       0.0000000      0.01375 0.0001758438
12       12.30956     0.11516051      5.0327932   8.340140e-03    0.008145398   9.542714e-05      11.205191      0.8039328 0.0020915275 2.979791e-06           50.00       0.0000000      7.59700 0.1014880859
   iterations_mean iterations_MCSE group_ARI_mean group_ARI_MCSE objective_mean objective_MCSE I_optimal_mean I_optimal_MCSE IMSPE_selected_mean IMSPE_selected_MCSE case R_setting Var_a_setting
1            26.00        0.000000   0.000000e+00   0.000000e+00             NA             NA             NA             NA                  NA                  NA    1        50          0.50
2            59.60        6.991875  -3.795122e-07   3.260234e-05      -10.99487     0.05074944     0.07919649   0.0007971192            10.99487          0.05074944    1        50          0.50
3           113.50        5.902497   2.719187e-05   6.434892e-05             NA             NA             NA             NA                  NA                  NA    1        50          0.50
4            42.80        1.266159  -3.228687e-05   3.994225e-05             NA             NA             NA             NA                  NA                  NA    1        50          0.50
5             1.00        0.000000             NA             NA             NA             NA             NA             NA                  NA                  NA    1        50          0.50
6           300.00        0.000000  -1.043958e-04   1.635189e-04             NA             NA             NA             NA                  NA                  NA    1        50          0.50
7            26.00        0.000000   0.000000e+00   0.000000e+00             NA             NA             NA             NA                  NA                  NA    1        50          2.25
8            68.15        9.204197   1.054736e-05   3.379304e-05      -12.54936     0.11840603     0.09045322   0.0014531116            12.54936          0.11840603    1        50          2.25
9           116.10        6.363093   5.447709e-05   7.945494e-05             NA             NA             NA             NA                  NA                  NA    1        50          2.25
10           45.85        1.724857  -3.228687e-05   3.994225e-05             NA             NA             NA             NA                  NA                  NA    1        50          2.25
11            1.00        0.000000             NA             NA             NA             NA             NA             NA                  NA                  NA    1        50          2.25
12          300.00        0.000000  -1.043958e-04   1.635189e-04             NA             NA             NA             NA                  NA                  NA    1        50          2.25
