Host: erc-hpc-comp028
MODEL=RS CASE=4 R_LIST=20 VAR_A_LIST=0.5,2.25
LABEL_POLICY=unknown MIS_TYPE=none RHO=0 LAMBDA=0 CIRG_CRITERION=IMSPE
NLOOP=20 SA_MAX=25 EM_MAX=300 K_GRID_POINTS=8 N_CORES=8
============================================================
Method comparison
MODEL=RS cases=4 label_policy=unknown misspec=none rho=0
N=2500 p=50 R=20 Var.a=0.5,2.25
nloop=20 tau=255 lambda=0 CIRG_CRITERION=IMSPE
Budgets: SA_MAX=25 EM_MAX=300 K_GRID_POINTS=8 KMEANS_NUM_INIT=1 KMEANS_MAX_ITERS=25 CPF_LAMBDA_POINTS=6 CPF_MAX_ITER=300 BLM_NSTART=5 N_CORES=8
Methods: LM, KM, OBS, CPF, BLM, CIRG
============================================================

Running case=4 R=20 Var.a=0.5
Saved: results_comparison/RS_case4_R20_vara0.5_varb0.1_lambda0_none.rds 

Running case=4 R=20 Var.a=2.25
Saved: results_comparison/RS_case4_R20_vara2.25_varb0.1_lambda0_none.rds 

Finished. Elapsed minutes: 7.756333 
Saved combined: results_comparison/RS_cases4_R20_vara0.50-2.25_varb0.1_grid_lambda0_none.rds 

   method mis_type rho  n convergence_rate MSPE_mean MSPE_MCSE beta_MSE_mean beta_MSE_MCSE beta_SSE_mean beta_SSE_MCSE intercept_MSE_mean intercept_MSE_MCSE Var_a_hat_mean Var_a_hat_MCSE Var_b_hat_mean Var_b_hat_MCSE
1     BLM     none  NA 20             1.00  20.51697 0.9103849    0.01088728  0.0004745291     0.5443640    0.02372646          0.4956477          0.1788364   9.715997e-05   3.913976e-06   8.419460e-05   3.493026e-06
2    CIRG     none  NA 20             1.00  18.86557 0.7818954    0.01104106  0.0004860305     0.5520528    0.02430152          1.7936630          0.5262659   6.569703e+00   2.270702e+00   1.368180e-02   2.202706e-03
3     CPF     none  NA 20             0.95  20.54005 0.9100129    0.01089585  0.0004805298     0.5447925    0.02402649          0.4894538          0.1770263   1.394219e-02   3.371613e-03   7.006034e-04   5.602156e-05
4      KM     none  NA 20             1.00  18.11111 0.6092816    0.01100588  0.0005268351     0.5502941    0.02634175          2.7546480          1.4368245   1.414966e+01   3.921627e+00   2.398359e-02   2.566810e-03
5      LM     none  NA 20             1.00  20.51697 0.9103849    0.01088728  0.0004745291     0.5443640    0.02372646          0.4956477          0.1788364   0.000000e+00   0.000000e+00             NA             NA
6     OBS     none  NA 20             1.00  20.54092 0.9109843    0.01086888  0.0004745890     0.5434440    0.02372945          0.4939227          0.1778947   5.688790e-03   2.084767e-03   8.808357e-04   5.913157e-05
7     BLM     none  NA 20             1.00  22.36245 0.9385563    0.01120085  0.0005045279     0.5600426    0.02522639          0.5290692          0.1558745   1.045867e-04   4.035707e-06   9.043566e-05   3.650553e-06
8    CIRG     none  NA 20             1.00  20.38211 0.8012300    0.01138610  0.0005235603     0.5693048    0.02617802          2.6032361          0.7145303   8.556608e+00   2.733106e+00   1.497585e-02   2.408526e-03
9     CPF     none  NA 20             1.00  22.38752 0.9387714    0.01120188  0.0005071287     0.5600942    0.02535643          0.5270437          0.1539138   1.670005e-02   4.122780e-03   7.061442e-04   5.907621e-05
10     KM     none  NA 20             0.95  19.56135 0.6250095    0.01130978  0.0005535278     0.5654890    0.02767639          3.9047215          1.7765443   1.581696e+01   4.090240e+00   2.550911e-02   2.779606e-03
11     LM     none  NA 20             1.00  22.36245 0.9385563    0.01120085  0.0005045279     0.5600426    0.02522639          0.5290692          0.1558745   0.000000e+00   0.000000e+00             NA             NA
12    OBS     none  NA 20             0.95  22.38866 0.9384862    0.01117951  0.0005055646     0.5589753    0.02527823          0.5274837          0.1549659   6.701726e-03   2.595465e-03   9.418693e-04   6.461309e-05
   Var_e_hat_mean Var_e_hat_MCSE Var_a_MSE_mean Var_a_MSE_MCSE Var_b_MSE_mean Var_b_MSE_MCSE Var_e_MSE_mean Var_e_MSE_MCSE   G_MSE_mean   G_MSE_MCSE selected_K_mean selected_K_MCSE runtime_mean runtime_MCSE
1        20.05242      0.9308348      0.2499028   3.913128e-06    0.009983168   6.979437e-07      138.61852       26.09934 0.0002879897 1.487549e-08            1.00       0.0000000      0.38060  0.014719733
2        18.34812      0.7879967    134.8069662   8.084206e+01    0.007543018   3.775631e-04       99.18514       18.77125 0.0519739012 3.107738e-02            3.55       0.3661679     22.26305  2.014752294
3        19.99324      0.9265759      0.2364682   3.220315e-03    0.009860430   1.112121e-05      137.16364       25.87643 0.0002804651 1.251973e-06           12.50       0.4006574      2.32280  0.132676528
4        17.53026      0.6155524    478.5173156   2.521323e+02    0.005903676   3.720708e-04       79.96452       12.40890 0.1840878506 9.693267e-02            5.60       0.2752989     49.85540  2.682579014
5        20.04652      0.9305762      0.2500000   0.000000e+00             NA             NA      138.47905       26.07963           NA           NA            1.00       0.0000000      0.02930  0.003026288
6        19.98274      0.9264436      0.2444262   2.023379e-03    0.009824675   1.171175e-05      136.92834       25.83827 0.0002828373 7.858592e-07           20.00       0.0000000      3.68145  0.238173538
7        21.84329      0.9536552      5.0620294   1.815975e-05    0.009981921   7.293774e-07      182.22990       29.59765 0.0021380721 2.085021e-08            1.00       0.0000000      0.42910  0.021082407
8        19.79771      0.7982174    181.7008422   1.076822e+02    0.007339325   4.071285e-04      128.69634       20.95961 0.0699991574 4.139620e-02            3.60       0.3727564     21.86620  0.983346187
9        21.78254      0.9500961      4.9879516   1.833589e-02    0.009859336   1.173454e-05      180.54417       29.37915 0.0021072351 7.066944e-06           12.55       0.4441135      2.44690  0.163910452
10       18.92582      0.6307304    501.9335354   2.491100e+02    0.005695691   3.923681e-04      106.08054       14.17952 0.1930866282 9.577035e-02            5.60       0.2752989     51.27575  2.686729725
11       21.83694      0.9533879      5.0625000   0.000000e+00             NA             NA      182.05709       29.57576           NA           NA            1.00       0.0000000      0.03870  0.006431051
12       21.76773      0.9490473      5.0325151   1.157162e-02    0.009812593   1.278854e-05      180.12815       29.30221 0.0021234697 4.449253e-06           20.00       0.0000000      4.53590  0.346570642
   iterations_mean iterations_MCSE group_ARI_mean group_ARI_MCSE objective_mean objective_MCSE I_optimal_mean I_optimal_MCSE IMSPE_selected_mean IMSPE_selected_MCSE case R_setting Var_a_setting
1            28.30       0.1051315   0.000000e+00   0.0000000000             NA             NA             NA             NA                  NA                  NA    4        20          0.50
2            35.25       7.2532661   1.933046e-01   0.0200028821      -18.63968      0.7895997       1.979722      0.4734396            18.63968           0.7895997    4        20          0.50
3           150.05       9.7347654   1.244678e-05   0.0003061532             NA             NA             NA             NA                  NA                  NA    4        20          0.50
4            24.30       1.1834383   2.940754e-01   0.0140754051             NA             NA             NA             NA                  NA                  NA    4        20          0.50
5             1.00       0.0000000             NA             NA             NA             NA             NA             NA                  NA                  NA    4        20          0.50
6           197.10       8.8976342  -3.373013e-05   0.0001038553             NA             NA             NA             NA                  NA                  NA    4        20          0.50
7            28.65       0.1094243   0.000000e+00   0.0000000000             NA             NA             NA             NA                  NA                  NA    4        20          2.25
8            27.30       2.7967086   1.930576e-01   0.0199763517      -20.11729      0.8014872       2.443390      0.5651591            20.11729           0.8014872    4        20          2.25
9           156.05       9.8668704   2.641678e-04   0.0001706115             NA             NA             NA             NA                  NA                  NA    4        20          2.25
10           38.45      13.8228406   2.940754e-01   0.0140754051             NA             NA             NA             NA                  NA                  NA    4        20          2.25
11            1.00       0.0000000             NA             NA             NA             NA             NA             NA                  NA                  NA    4        20          2.25
12          198.15       7.6324360  -3.373013e-05   0.0001038553             NA             NA             NA             NA                  NA                  NA    4        20          2.25
