Host: erc-hpc-comp188
MODEL=RI CASE=1 R_LIST=10 VAR_A_LIST=0.5,2.25
LABEL_POLICY=unknown MIS_TYPE=none RHO=0 LAMBDA=0 CIRG_CRITERION=IMSPE
NLOOP=20 SA_MAX=25 EM_MAX=300 K_GRID_POINTS=8 N_CORES=8
============================================================
Method comparison
MODEL=RI cases=1 label_policy=unknown misspec=none rho=0
N=2500 p=50 R=10 Var.a=0.5,2.25
nloop=20 tau=255 lambda=0 CIRG_CRITERION=IMSPE
Budgets: SA_MAX=25 EM_MAX=300 K_GRID_POINTS=8 KMEANS_NUM_INIT=1 KMEANS_MAX_ITERS=25 CPF_LAMBDA_POINTS=6 CPF_MAX_ITER=300 BLM_NSTART=5 N_CORES=8
Methods: LM, KM, OBS, CPF, BLM, CIRG
============================================================

Running case=1 R=10 Var.a=0.5
Saved: results_comparison/RI_case1_R10_vara0.5_lambda0_none.rds 

Running case=1 R=10 Var.a=2.25
Saved: results_comparison/RI_case1_R10_vara2.25_lambda0_none.rds 

Finished. Elapsed minutes: 5.9728 
Saved combined: results_comparison/RI_cases1_R10_vara0.50-2.25_grid_lambda0_none.rds 

   method mis_type rho  n convergence_rate MSPE_mean  MSPE_MCSE beta_MSE_mean beta_MSE_MCSE beta_SSE_mean beta_SSE_MCSE intercept_MSE_mean intercept_MSE_MCSE Var_a_hat_mean Var_a_hat_MCSE Var_b_hat_mean Var_b_hat_MCSE
1     BLM     none  NA 20                1  9.410069 0.08409986   0.003550352  0.0001623228     0.1775176   0.008116138         0.05844699         0.01717200   0.0040236288   1.175221e-03             NA             NA
2    CIRG     none  NA 20                1  9.408178 0.08418242   0.003555476  0.0001631035     0.1777738   0.008155173         0.05831200         0.01705037   0.0005422075   2.734426e-04             NA             NA
3     CPF     none  NA 20                1  9.409088 0.08413655   0.003552001  0.0001625201     0.1776001   0.008126005         0.05898968         0.01732918   0.0028470587   7.848250e-04             NA             NA
4      KM     none  NA 20                1  9.408074 0.08418710   0.003553337  0.0001625213     0.1776668   0.008126067         0.05835994         0.01704507   0.0001499107   1.362981e-06             NA             NA
5      LM     none  NA 20                1  9.408080 0.08418669   0.003554676  0.0001627678     0.1777338   0.008138391         0.05835287         0.01704497   0.0000000000   0.000000e+00             NA             NA
6     OBS     none  NA 20                1  9.408509 0.08418367   0.003552956  0.0001624543     0.1776478   0.008122717         0.05835384         0.01704535   0.0019470403   6.060488e-04             NA             NA
7     BLM     none  NA 20                1 10.857844 0.22671129   0.004110190  0.0002010737     0.2055095   0.010053687         0.25264739         0.07678299   0.0040883937   1.131581e-03             NA             NA
8    CIRG     none  NA 20                1 10.855803 0.22675701   0.004116244  0.0002024413     0.2058122   0.010122066         0.25046223         0.07645635   0.0007085727   4.751513e-04             NA             NA
9     CPF     none  NA 20                1 10.856590 0.22676704   0.004111247  0.0002011671     0.2055624   0.010058354         0.25006004         0.07645134   0.0025879518   7.438148e-04             NA             NA
10     KM     none  NA 20                1 10.855604 0.22679676   0.004112408  0.0002016325     0.2056204   0.010081627         0.25061036         0.07645206   0.0001616675   1.704365e-06             NA             NA
11     LM     none  NA 20                1 10.855613 0.22679870   0.004114244  0.0002019138     0.2057122   0.010095688         0.25059398         0.07645142   0.0000000000   0.000000e+00             NA             NA
12    OBS     none  NA 20                1 10.856103 0.22679593   0.004112582  0.0002014649     0.2056291   0.010073245         0.25059790         0.07645290   0.0019413096   5.937009e-04             NA             NA
   Var_e_hat_mean Var_e_hat_MCSE Var_a_MSE_mean Var_a_MSE_MCSE Var_b_MSE_mean Var_b_MSE_MCSE Var_e_MSE_mean Var_e_MSE_MCSE G_MSE_mean G_MSE_MCSE selected_K_mean selected_K_MCSE runtime_mean runtime_MCSE iterations_mean
1        9.316968     0.04775036      0.2460188   1.156710e-03             NA             NA      0.1437909     0.03838948         NA         NA            5.95       0.0500000      0.32510  0.027822643           37.60
2        9.320030     0.04771536      0.2494595   2.718613e-04             NA             NA      0.1456777     0.03841113         NA         NA            3.30       0.3776660     18.49335  1.349666064           36.60
3        9.317856     0.04767259      0.2471728   7.764527e-04             NA             NA      0.1442133     0.03834372         NA         NA            7.30       0.1933091      0.42920  0.031000815           42.25
4        9.320404     0.04765471      0.2498501   1.362577e-06             NA             NA      0.1458070     0.03841230         NA         NA            2.00       0.0000000     31.80455  2.203082172           18.75
5        9.320279     0.04765421      0.2500000   0.000000e+00             NA             NA      0.1457259     0.03839893         NA         NA            1.00       0.0000000      0.02415  0.001959155            1.00
6        9.318668     0.04771314      0.2480637   6.000275e-04             NA             NA      0.1448037     0.03841433         NA         NA           10.00       0.0000000      0.49330  0.037459880           50.10
7       10.732340     0.19604623      5.0441433   5.076764e-03             NA             NA      3.7312512     0.90064061         NA         NA            6.00       0.0000000      0.36455  0.025644480           40.30
8       10.735510     0.19611491      5.0593162   2.133468e-03             NA             NA      3.7427540     0.90114505         NA         NA            2.90       0.2892822     20.87370  1.956919346           32.30
9       10.733523     0.19603363      5.0508714   3.339669e-03             NA             NA      3.7352556     0.90082079         NA         NA            7.55       0.2663101      0.50125  0.027228939           47.95
10      10.735980     0.19600876      5.0617725   7.669082e-06             NA             NA      3.7435946     0.90106820         NA         NA            2.00       0.0000000     40.83145  3.736401117           19.80
11      10.735843     0.19600617      5.0625000   0.000000e+00             NA             NA      3.7431020     0.90099752         NA         NA            1.00       0.0000000      0.03950  0.004507596            1.00
12      10.734274     0.19600361      5.0537746   2.666046e-03             NA             NA      3.7376377     0.90075705         NA         NA           10.00       0.0000000      1.27625  0.112226929           54.30
   iterations_MCSE group_ARI_mean group_ARI_MCSE objective_mean objective_MCSE I_optimal_mean I_optimal_MCSE IMSPE_selected_mean IMSPE_selected_MCSE case R_setting Var_a_setting
1        2.9950837  -1.152490e-04   0.0002814097             NA             NA             NA             NA                  NA                  NA    1        10          0.50
2        5.6663364  -1.562699e-04   0.0001246956      -9.384161      0.0480177     0.06419964   0.0003187223            9.384161           0.0480177    1        10          0.50
3        2.2651536   5.770025e-05   0.0002520842             NA             NA             NA             NA                  NA                  NA    1        10          0.50
4        0.7604535  -2.820349e-05   0.0001099564             NA             NA             NA             NA                  NA                  NA    1        10          0.50
5        0.0000000             NA             NA             NA             NA             NA             NA                  NA                  NA    1        10          0.50
6        2.6005060  -2.519361e-04   0.0001109870             NA             NA             NA             NA                  NA                  NA    1        10          0.50
7        3.5251726  -7.778179e-05   0.0002493663             NA             NA             NA             NA                  NA                  NA    1        10          2.25
8        4.5647966  -1.020059e-04   0.0001254690     -10.809369      0.1974118     0.07395983   0.0013062111           10.809369           0.1974118    1        10          2.25
9        3.2220254  -2.927504e-04   0.0002743699             NA             NA             NA             NA                  NA                  NA    1        10          2.25
10       0.6943380  -2.820349e-05   0.0001099564             NA             NA             NA             NA                  NA                  NA    1        10          2.25
11       0.0000000             NA             NA             NA             NA             NA             NA                  NA                  NA    1        10          2.25
12       2.9155662  -2.519361e-04   0.0001109870             NA             NA             NA             NA                  NA                  NA    1        10          2.25
