Host: erc-hpc-comp010
MODEL=RS CASE=4 R_LIST=50 VAR_A_LIST=0.5,2.25
LABEL_POLICY=unknown MIS_TYPE=none RHO=0 LAMBDA=0 CIRG_CRITERION=IMSPE
NLOOP=20 SA_MAX=25 EM_MAX=300 K_GRID_POINTS=8 N_CORES=8
============================================================
Method comparison
MODEL=RS cases=4 label_policy=unknown misspec=none rho=0
N=2500 p=50 R=50 Var.a=0.5,2.25
nloop=20 tau=255 lambda=0 CIRG_CRITERION=IMSPE
Budgets: SA_MAX=25 EM_MAX=300 K_GRID_POINTS=8 KMEANS_NUM_INIT=1 KMEANS_MAX_ITERS=25 CPF_LAMBDA_POINTS=6 CPF_MAX_ITER=300 BLM_NSTART=5 N_CORES=8
Methods: LM, KM, OBS, CPF, BLM, CIRG
============================================================

Running case=4 R=50 Var.a=0.5
Saved: results_comparison/RS_case4_R50_vara0.5_varb0.1_lambda0_none.rds 

Running case=4 R=50 Var.a=2.25
Saved: results_comparison/RS_case4_R50_vara2.25_varb0.1_lambda0_none.rds 

Finished. Elapsed minutes: 10.6578 
Saved combined: results_comparison/RS_cases4_R50_vara0.50-2.25_varb0.1_grid_lambda0_none.rds 

   method mis_type rho  n convergence_rate MSPE_mean MSPE_MCSE beta_MSE_mean beta_MSE_MCSE beta_SSE_mean beta_SSE_MCSE intercept_MSE_mean intercept_MSE_MCSE Var_a_hat_mean Var_a_hat_MCSE Var_b_hat_mean Var_b_hat_MCSE
1     BLM     none  NA 20             1.00  84.05314  5.648629    0.02080040   0.001606180      1.040020    0.08030901           1.013293          0.3070814   4.408595e-04   1.665166e-05   0.0001507817   3.537141e-06
2    CIRG     none  NA 20             0.95  71.88134  5.055287    0.01948256   0.001428712      0.974128    0.07143561          84.653054         22.7472806   1.359722e+03   6.553382e+02   0.0524461315   1.439121e-02
3     CPF     none  NA 20             0.95  84.20103  5.670174    0.02087990   0.001640664      1.043995    0.08203321           1.034379          0.3048781   5.724113e-03   4.566406e-03   0.0008725918   9.189125e-05
4      KM     none  NA 20             1.00  68.89405  4.806181    0.02068336   0.001823012      1.034168    0.09115062         200.887074         63.7931772   1.437189e+03   3.243133e+02   0.0639216066   7.360353e-03
5      LM     none  NA 20             1.00  84.05314  5.648629    0.02080040   0.001606180      1.040020    0.08030901           1.013293          0.3070814   0.000000e+00   0.000000e+00             NA             NA
6     OBS     none  NA 20             0.05  84.35262  5.654151    0.02081459   0.001618456      1.040729    0.08092280           1.005446          0.3056587   4.800058e-03   3.024825e-04   0.0012397891   8.800302e-05
7     BLM     none  NA 20             1.00  86.11790  5.617688    0.02131356   0.001632285      1.065678    0.08161424           1.045384          0.3138937   4.467879e-04   1.602013e-05   0.0001522090   3.603692e-06
8    CIRG     none  NA 20             0.95  73.59098  5.001108    0.02020548   0.001436227      1.010274    0.07181137          97.624020         24.7750021   1.340704e+03   6.697821e+02   0.0531717132   1.468160e-02
9     CPF     none  NA 20             0.95  86.26197  5.641764    0.02134598   0.001657905      1.067299    0.08289523           1.052132          0.3117538   1.478952e-02   1.353049e-02   0.0008989521   9.661259e-05
10     KM     none  NA 20             1.00  70.68000  4.793972    0.02114200   0.001825975      1.057100    0.09129877         203.577856         64.0265603   1.453650e+03   3.296530e+02   0.0646876059   7.430493e-03
11     LM     none  NA 20             1.00  86.11790  5.617688    0.02131356   0.001632285      1.065678    0.08161424           1.045384          0.3138937   0.000000e+00   0.000000e+00             NA             NA
12    OBS     none  NA 20             0.05  86.42163  5.620019    0.02130857   0.001648822      1.065429    0.08244112           1.039024          0.3125242   4.986955e-03   3.035986e-04   0.0012672041   8.801473e-05
   Var_e_hat_mean Var_e_hat_MCSE Var_a_MSE_mean Var_a_MSE_MCSE Var_b_MSE_mean Var_b_MSE_MCSE Var_e_MSE_mean Var_e_MSE_MCSE   G_MSE_mean   G_MSE_MCSE selected_K_mean selected_K_MCSE runtime_mean runtime_MCSE
1        83.64348       5.547210   2.495593e-01   1.663752e-05    0.009969867   7.063243e-07       6156.308       869.0434 2.876019e-04 1.687216e-08            1.00       0.0000000      0.55365 0.0199951672
2        70.06635       4.818489   1.000738e+07   8.399962e+06    0.006196403   1.561784e-03       4170.238       686.1035 3.847513e+03 3.229513e+03            5.25       0.7286433     32.85390 3.9954222469
3        83.41790       5.532429   2.447048e-01   4.139014e-03    0.009826403   1.821422e-05       6119.572       864.8782 2.829777e-04 1.481317e-06            4.55       0.3282730      1.94625 0.1421055737
4        67.55430       4.553231   4.062480e+06   1.635789e+06    0.002330972   4.538594e-04       3822.512       607.0829 1.561891e+03 6.289079e+02            6.00       0.0000000     58.36985 2.2495149024
5        83.62584       5.546459   2.500000e-01   0.000000e+00             NA             NA       6153.518       868.7275           NA           NA            1.00       0.0000000      0.00870 0.0002625783
6        83.15146       5.522307   2.452247e-01   2.997054e-04    0.009753726   1.735874e-05       6077.861       860.4328 2.817805e-04 4.033189e-07           50.00       0.0000000      7.63215 0.4465088275
7        85.69931       5.526131   5.060490e+00   7.207676e-05    0.009969582   7.196107e-07       6463.009       893.8849 2.137243e-03 3.414618e-08            1.00       0.0000000      0.54125 0.0189521385
8        71.71521       4.769313   1.031501e+07   8.874612e+06    0.006288326   1.686701e-03       4365.378       703.0211 3.965787e+03 3.412000e+03            5.35       0.7336821     31.47535 3.7910300394
9        85.42949       5.503154   4.999644e+00   5.719196e-02    0.009821195   1.912952e-05       6416.877       887.4497 2.110997e-03 2.185608e-05            4.85       0.3991768      1.97175 0.1451781641
10       69.35309       4.552890   4.171314e+06   1.660232e+06    0.002295998   4.642448e-04       4036.343       628.6435 1.603735e+03 6.383054e+02            6.00       0.0000000     55.21050 2.1381815214
11       85.68137       5.525394   5.062500e+00   0.000000e+00             NA             NA       6460.103       893.5642           NA           NA            1.00       0.0000000      0.00825 0.0001601808
12       85.19907       5.502051   5.040085e+00   1.363297e-03    0.009748312   1.735563e-05       6381.477       885.0228 2.125145e-03 7.425328e-07           50.00       0.0000000      6.71275 0.1234908664
   iterations_mean iterations_MCSE group_ARI_mean group_ARI_MCSE objective_mean objective_MCSE I_optimal_mean I_optimal_MCSE IMSPE_selected_mean IMSPE_selected_MCSE case R_setting Var_a_setting
1            48.20        1.826126   0.000000e+00   0.000000e+00             NA             NA             NA             NA                  NA                  NA    4        50          0.50
2            45.05       13.826267   1.553900e-01   1.731667e-02      -71.42696       4.874061       200.2474       82.70817            71.42696            4.874061    4        50          0.50
3           141.90       11.671580   5.535085e-05   7.976009e-05             NA             NA             NA             NA                  NA                  NA    4        50          0.50
4            27.15        3.204664   2.104509e-01   2.819114e-03             NA             NA             NA             NA                  NA                  NA    4        50          0.50
5             1.00        0.000000             NA             NA             NA             NA             NA             NA                  NA                  NA    4        50          0.50
6           299.35        0.650000  -1.043958e-04   1.635189e-04             NA             NA             NA             NA                  NA                  NA    4        50          0.50
7            48.75        1.823639   0.000000e+00   0.000000e+00             NA             NA             NA             NA                  NA                  NA    4        50          2.25
8            45.80       13.785118   1.576126e-01   1.744112e-02      -73.12117       4.821502       193.9126       84.46615            73.12117            4.821502    4        50          2.25
9           147.25       12.098255  -2.860718e-05   8.691474e-05             NA             NA             NA             NA                  NA                  NA    4        50          2.25
10           28.35        3.821873   2.104509e-01   2.819114e-03             NA             NA             NA             NA                  NA                  NA    4        50          2.25
11            1.00        0.000000             NA             NA             NA             NA             NA             NA                  NA                  NA    4        50          2.25
12          299.45        0.550000  -1.043958e-04   1.635189e-04             NA             NA             NA             NA                  NA                  NA    4        50          2.25
