Host: erc-hpc-comp007
MODEL=RS CASE=9 R_LIST=20 VAR_A_LIST=0.5,2.25
LABEL_POLICY=unknown MIS_TYPE=none RHO=0 LAMBDA=0 CIRG_CRITERION=IMSPE
NLOOP=20 SA_MAX=25 EM_MAX=300 K_GRID_POINTS=8 N_CORES=8
============================================================
Method comparison
MODEL=RS cases=9 label_policy=unknown misspec=none rho=0
N=2500 p=50 R=20 Var.a=0.5,2.25
nloop=20 tau=255 lambda=0 CIRG_CRITERION=IMSPE
Budgets: SA_MAX=25 EM_MAX=300 K_GRID_POINTS=8 KMEANS_NUM_INIT=1 KMEANS_MAX_ITERS=25 CPF_LAMBDA_POINTS=6 CPF_MAX_ITER=300 BLM_NSTART=5 N_CORES=8
Methods: LM, KM, OBS, CPF, BLM, CIRG
============================================================

Running case=9 R=20 Var.a=0.5
Saved: results_comparison/RS_case9_R20_vara0.5_varb0.1_lambda0_none.rds 

Running case=9 R=20 Var.a=2.25
Saved: results_comparison/RS_case9_R20_vara2.25_varb0.1_lambda0_none.rds 

Finished. Elapsed minutes: 9.886233 
Saved combined: results_comparison/RS_cases9_R20_vara0.50-2.25_varb0.1_grid_lambda0_none.rds 

   method mis_type rho  n convergence_rate MSPE_mean MSPE_MCSE beta_MSE_mean beta_MSE_MCSE beta_SSE_mean beta_SSE_MCSE intercept_MSE_mean intercept_MSE_MCSE Var_a_hat_mean Var_a_hat_MCSE Var_b_hat_mean Var_b_hat_MCSE
1     BLM     none  NA 20             1.00  18.62636 0.2249292   0.008785041  0.0003051547     0.4392520    0.01525773         0.03820267        0.009306186   7.210405e-05   3.410096e-07   7.208399e-05   3.397087e-07
2    CIRG     none  NA 20             0.95  18.62616 0.2249734   0.008784166  0.0003056691     0.4392083    0.01528346         0.03822189        0.009254183   2.470357e-04   5.475231e-05   2.181704e-04   1.507766e-05
3     CPF     none  NA 20             1.00  18.62997 0.2246673   0.008785689  0.0003056721     0.4392844    0.01528360         0.03890684        0.009255057   1.359543e-02   2.625504e-03   8.842200e-04   4.293238e-05
4      KM     none  NA 20             0.95  18.62703 0.2251091   0.008783160  0.0003055344     0.4391580    0.01527672         0.03823259        0.009252392   2.125510e-04   4.524081e-05   2.216442e-04   1.456280e-05
5      LM     none  NA 20             1.00  18.62636 0.2249292   0.008785041  0.0003051547     0.4392520    0.01525773         0.03820267        0.009306186   0.000000e+00   0.000000e+00             NA             NA
6     OBS     none  NA 20             1.00  18.63065 0.2244463   0.008781808  0.0003080737     0.4390904    0.01540369         0.03817861        0.009289761   4.980821e-03   1.326216e-03   1.695430e-03   1.689171e-04
7     BLM     none  NA 20             1.00  20.26776 0.2048860   0.009015339  0.0003405241     0.4507669    0.01702621         0.15686643        0.039386858   8.030177e-05   8.244412e-07   8.027932e-05   8.230233e-07
8    CIRG     none  NA 20             1.00  20.26697 0.2048148   0.009013563  0.0003409736     0.4506782    0.01704868         0.15699136        0.039287254   1.891696e-04   1.278608e-05   2.388263e-04   1.182186e-05
9     CPF     none  NA 20             1.00  20.27371 0.2045868   0.009016063  0.0003420008     0.4508031    0.01710004         0.15978953        0.039369801   1.564145e-02   3.055082e-03   9.849663e-04   5.697947e-05
10     KM     none  NA 20             1.00  20.26778 0.2050191   0.009013563  0.0003409736     0.4506782    0.01704868         0.15699136        0.039287254   1.891696e-04   1.278608e-05   2.388263e-04   1.182186e-05
11     LM     none  NA 20             1.00  20.26776 0.2048860   0.009015339  0.0003405241     0.4507669    0.01702621         0.15686643        0.039386858   0.000000e+00   0.000000e+00             NA             NA
12    OBS     none  NA 20             1.00  20.27395 0.2048701   0.009012191  0.0003439522     0.4506096    0.01719761         0.15679193        0.039336188   5.959864e-03   1.542223e-03   1.936296e-03   2.055417e-04
   Var_e_hat_mean Var_e_hat_MCSE Var_a_MSE_mean Var_a_MSE_MCSE Var_b_MSE_mean Var_b_MSE_MCSE Var_e_MSE_mean Var_e_MSE_MCSE   G_MSE_mean   G_MSE_MCSE selected_K_mean selected_K_MCSE runtime_mean runtime_MCSE
1        14.03703     0.06620670      0.2499279   3.409608e-07    0.009985588   6.789305e-08       25.45500      0.6562470 0.0002880459 1.435763e-09            1.00       0.0000000      0.30690  0.003415060
2        14.03365     0.06619197      0.2497531   5.468961e-05    0.009956418   3.009971e-06       25.42083      0.6557596 0.0002874179 4.538601e-08            2.05       0.0500000     30.86980  4.640641491
3        13.98951     0.06626553      0.2367204   2.540903e-03    0.009823973   8.508046e-06       24.97861      0.6518725 0.0002798612 1.001128e-06           12.15       0.3788834      2.02750  0.091838517
4        14.03379     0.06616600      0.2497875   4.518568e-05    0.009955724   2.907234e-06       25.42218      0.6555031 0.0002874178 4.538006e-08            2.00       0.0000000     54.85305  4.925340243
5        14.03336     0.06618937      0.2500000   0.000000e+00             NA             NA       25.41795      0.6555919           NA           NA            1.00       0.0000000      0.01135  0.001420295
6        13.95359     0.06662521      0.2450774   1.306237e-03    0.009664331   3.301121e-05       24.62241      0.6530843 0.0002800054 7.042068e-07           20.00       0.0000000      3.69635  0.078123865
7        15.63294     0.16035186      5.0621386   3.709853e-06    0.009983951   1.644728e-07       44.48439      2.1209342 0.0021381531 4.587238e-09            1.00       0.0000000      0.31560  0.004141828
8        15.62956     0.16021908      5.0616488   5.753031e-05    0.009952294   2.358987e-06       44.43886      2.1177850 0.0021373562 3.971595e-08            2.00       0.0000000     27.57110  3.177632316
9        15.57972     0.15970066      4.9925355   1.363441e-02    0.009804039   1.128208e-05       43.77729      2.0992641 0.0021079344 5.270375e-06           12.50       0.4559548      2.11155  0.079074531
10       15.62956     0.16021908      5.0616488   5.753031e-05    0.009952294   2.358987e-06       44.43886      2.1177850 0.0021373562 3.971595e-08            2.00       0.0000000     55.17890  4.851969220
11       15.62884     0.16030988      5.0625000   0.000000e+00             NA             NA       44.42986      2.1190701           NA           NA            1.00       0.0000000      0.01590  0.001585958
12       15.53689     0.15884006      5.0357613   6.912611e-03    0.009617293   4.003406e-05       43.21033      2.0803303 0.0021209635 2.719878e-06           20.00       0.0000000      3.68340  0.097653183
   iterations_mean iterations_MCSE group_ARI_mean group_ARI_MCSE objective_mean objective_MCSE I_optimal_mean I_optimal_MCSE IMSPE_selected_mean IMSPE_selected_MCSE case R_setting Var_a_setting
1            26.00        0.000000   0.000000e+00   0.000000e+00             NA             NA             NA             NA                  NA                  NA    9        20          0.50
2            47.60       13.785271   5.767608e-05   8.020560e-05      -14.23362     0.06710464      0.2009670    0.001378859            14.23362          0.06710464    9        20          0.50
3           153.85        6.507597  -1.934963e-04   3.095775e-04             NA             NA             NA             NA                  NA                  NA    9        20          0.50
4            44.20       13.508594  -8.007734e-05   6.306999e-05             NA             NA             NA             NA                  NA                  NA    9        20          0.50
5             1.00        0.000000             NA             NA             NA             NA             NA             NA                  NA                  NA    9        20          0.50
6           240.95        5.185747  -3.373013e-05   1.038553e-04             NA             NA             NA             NA                  NA                  NA    9        20          0.50
7            26.00        0.000000   0.000000e+00   0.000000e+00             NA             NA             NA             NA                  NA                  NA    9        20          2.25
8            33.70        2.264253   5.310392e-05   7.949911e-05      -15.85199     0.16260140      0.2236911    0.002541606            15.85199          0.16260140    9        20          2.25
9           159.75        5.702666   1.569688e-04   3.556480e-04             NA             NA             NA             NA                  NA                  NA    9        20          2.25
10           33.70        2.264253  -8.007734e-05   6.306999e-05             NA             NA             NA             NA                  NA                  NA    9        20          2.25
11            1.00        0.000000             NA             NA             NA             NA             NA             NA                  NA                  NA    9        20          2.25
12          242.15        5.129007  -3.373013e-05   1.038553e-04             NA             NA             NA             NA                  NA                  NA    9        20          2.25
