Host: erc-hpc-comp028
MODEL=RS CASE=13 R_LIST=20 VAR_A_LIST=0.5,2.25
LABEL_POLICY=unknown MIS_TYPE=none RHO=0 LAMBDA=0 CIRG_CRITERION=IMSPE
NLOOP=20 SA_MAX=25 EM_MAX=300 K_GRID_POINTS=8 N_CORES=8
============================================================
Method comparison
MODEL=RS cases=13 label_policy=unknown misspec=none rho=0
N=2500 p=50 R=20 Var.a=0.5,2.25
nloop=20 tau=255 lambda=0 CIRG_CRITERION=IMSPE
Budgets: SA_MAX=25 EM_MAX=300 K_GRID_POINTS=8 KMEANS_NUM_INIT=1 KMEANS_MAX_ITERS=25 CPF_LAMBDA_POINTS=6 CPF_MAX_ITER=300 BLM_NSTART=5 N_CORES=8
Methods: LM, KM, OBS, CPF, BLM, CIRG
============================================================

Running case=13 R=20 Var.a=0.5
Saved: results_comparison/RS_case13_R20_vara0.5_varb0.1_lambda0_none.rds 

Running case=13 R=20 Var.a=2.25
Saved: results_comparison/RS_case13_R20_vara2.25_varb0.1_lambda0_none.rds 

Finished. Elapsed minutes: 7.8552 
Saved combined: results_comparison/RS_cases13_R20_vara0.50-2.25_varb0.1_grid_lambda0_none.rds 

   method mis_type rho  n convergence_rate MSPE_mean  MSPE_MCSE beta_MSE_mean beta_MSE_MCSE beta_SSE_mean beta_SSE_MCSE intercept_MSE_mean intercept_MSE_MCSE Var_a_hat_mean Var_a_hat_MCSE Var_b_hat_mean Var_b_hat_MCSE
1     BLM     none  NA 20                1  13.30210 0.09483505    0.01145632  0.0007274129     0.5728160    0.03637065          0.3165287         0.06748053   6.823988e-05   4.898567e-07   0.0001398398   9.014381e-07
2    CIRG     none  NA 20                1  12.81804 0.12516635    0.01047736  0.0006546778     0.5238681    0.03273389          0.1673487         0.04314786   2.036033e-02   9.231961e-03   0.0156356653   2.523273e-03
3     CPF     none  NA 20                1  13.31058 0.09497654    0.01147260  0.0007238394     0.5736298    0.03619197          0.3137212         0.06632872   1.614589e-02   1.958930e-03   0.0016272230   6.744657e-05
4      KM     none  NA 20                1  12.91300 0.10582211    0.01064051  0.0007233516     0.5320257    0.03616758          0.1807744         0.04330966   1.206529e-02   4.085857e-03   0.0131988666   1.954940e-03
5      LM     none  NA 20                1  13.30210 0.09483505    0.01145632  0.0007274129     0.5728160    0.03637065          0.3165287         0.06748053   0.000000e+00   0.000000e+00             NA             NA
6     OBS     none  NA 20                1  13.30629 0.09573013    0.01145752  0.0007250487     0.5728762    0.03625244          0.3165325         0.06748456   4.619649e-03   1.117835e-03   0.0027295976   1.190098e-04
7     BLM     none  NA 20                1  14.56182 0.12776349    0.02460986  0.0012081992     1.2304928    0.06040996          0.3356594         0.07139935   7.411567e-05   5.549399e-07   0.0001518759   9.884810e-07
8    CIRG     none  NA 20                1  14.05879 0.15752389    0.02200385  0.0011598861     1.1001925    0.05799430          0.1993635         0.04965490   5.041305e-02   2.379307e-02   0.0160537490   2.564765e-03
9     CPF     none  NA 20                1  14.57220 0.12749985    0.02460713  0.0012037350     1.2303563    0.06018675          0.3424509         0.07369336   1.701806e-02   2.683971e-03   0.0017985299   1.009375e-04
10     KM     none  NA 20                1  14.16443 0.13631284    0.02254442  0.0011649790     1.1272211    0.05824895          0.2221879         0.05096592   1.869226e-02   5.372563e-03   0.0133142585   1.809285e-03
11     LM     none  NA 20                1  14.56182 0.12776349    0.02460986  0.0012081992     1.2304928    0.06040996          0.3356594         0.07139935   0.000000e+00   0.000000e+00             NA             NA
12    OBS     none  NA 20                1  14.56572 0.12847049    0.02461437  0.0012065641     1.2307184    0.06032820          0.3356771         0.07141948   5.588321e-03   1.312650e-03   0.0028725819   9.686870e-05
   Var_e_hat_mean Var_e_hat_MCSE Var_a_MSE_mean Var_a_MSE_MCSE Var_b_MSE_mean Var_b_MSE_MCSE Var_e_MSE_mean Var_e_MSE_MCSE   G_MSE_mean   G_MSE_MCSE selected_K_mean selected_K_MCSE runtime_mean runtime_MCSE
1        13.11149     0.08419389      0.2499318   4.897896e-07    0.009972052   1.800358e-07       17.03903      0.6938967 0.0002877871 3.639954e-09            1.00       0.0000000      0.34900 0.0116485825
2        12.64365     0.11137617      0.2316736   7.723934e-03    0.007238312   4.128643e-04       13.51185      0.7945119 0.0002282158 9.659608e-06            2.50       0.2460210     21.49765 1.4793255919
3        13.06513     0.08442558      0.2341877   1.890086e-03    0.009677290   1.328134e-05       16.66074      0.6872001 0.0002760677 6.707492e-07           12.10       0.3395043      2.24675 0.0974544664
4        12.72961     0.08803492      0.2383975   3.860673e-03    0.007607051   3.293408e-04       14.05723      0.6564436 0.0002378893 6.801525e-06            2.00       0.0000000     48.93295 2.4853933941
5        13.10802     0.08417153      0.2500000   0.000000e+00             NA             NA       17.01041      0.6931279           NA           NA            1.00       0.0000000      0.01790 0.0009997368
6        13.04635     0.08361841      0.2454254   1.100222e-03    0.009461800   2.309982e-05       16.50580      0.6778041 0.0002762458 6.253048e-07           20.00       0.0000000      4.02990 0.2432050456
7        14.35351     0.12312613      5.0621665   2.497147e-06    0.009969648   1.973977e-07       28.94816      1.3314737 0.0021378888 4.719767e-09            1.00       0.0000000      0.35990 0.0108389891
8        13.86754     0.15523536      4.8489389   9.643231e-02    0.007171955   4.140547e-04       24.15079      1.5062659 0.0020021287 4.295320e-05            2.50       0.2460210     20.61925 1.5710944859
9        14.30232     0.12338357      4.9863452   1.197744e-02    0.009643722   1.978720e-05       28.40380      1.3202936 0.0021024726 4.627360e-06           12.45       0.3118282      2.45825 0.1170570683
10       13.96585     0.13024004      4.9792827   2.383105e-02    0.007576615   3.084531e-04       24.98197      1.3082810 0.0020600205 1.393615e-05            2.00       0.0000000     51.55990 2.3825300748
11       14.34974     0.12310375      5.0625000   0.000000e+00             NA             NA       28.90767      1.3303123           NA           NA            1.00       0.0000000      0.02280 0.0027678607
12       14.28483     0.12275672      5.0374165   5.881876e-03    0.009433914   1.879268e-05       28.21578      1.3101744 0.0021180747 2.301266e-06           20.00       0.0000000      4.06790 0.2143976004
   iterations_mean iterations_MCSE group_ARI_mean group_ARI_MCSE objective_mean objective_MCSE I_optimal_mean I_optimal_MCSE IMSPE_selected_mean IMSPE_selected_MCSE case R_setting Var_a_setting
1            26.00      0.00000000   0.000000e+00   0.0000000000             NA             NA             NA             NA                  NA                  NA   13        20          0.50
2            37.70      4.35895932   9.139869e-02   0.0079132939      -12.80361      0.1033824      0.2525733     0.02457563            12.80361           0.1033824   13        20          0.50
3           152.10      4.58309250   1.188772e-04   0.0001912706             NA             NA             NA             NA                  NA                  NA   13        20          0.50
4            32.70      3.46113763   8.125917e-02   0.0034900566             NA             NA             NA             NA                  NA                  NA   13        20          0.50
5             1.00      0.00000000             NA             NA             NA             NA             NA             NA                  NA                  NA   13        20          0.50
6           239.00      3.57402913  -3.373013e-05   0.0001038553             NA             NA             NA             NA                  NA                  NA   13        20          0.50
7            26.20      0.09176629   0.000000e+00   0.0000000000             NA             NA             NA             NA                  NA                  NA   13        20          2.25
8            31.10      4.26114637   9.139869e-02   0.0079132939      -14.04230      0.1472591      0.2714738     0.02457510            14.04230           0.1472591   13        20          2.25
9           160.10      5.59553393  -1.293272e-05   0.0002591973             NA             NA             NA             NA                  NA                  NA   13        20          2.25
10           31.95      4.39944674   8.125917e-02   0.0034900566             NA             NA             NA             NA                  NA                  NA   13        20          2.25
11            1.00      0.00000000             NA             NA             NA             NA             NA             NA                  NA                  NA   13        20          2.25
12          238.10      3.57248255  -3.373013e-05   0.0001038553             NA             NA             NA             NA                  NA                  NA   13        20          2.25
