Host: erc-hpc-comp005
MODEL=RI CASE=3 R_LIST=20 VAR_A_LIST=0.5,2.25
LABEL_POLICY=unknown MIS_TYPE=none RHO=0 LAMBDA=0 CIRG_CRITERION=IMSPE
NLOOP=20 SA_MAX=25 EM_MAX=300 K_GRID_POINTS=8 N_CORES=8
============================================================
Method comparison
MODEL=RI cases=3 label_policy=unknown misspec=none rho=0
N=2500 p=50 R=20 Var.a=0.5,2.25
nloop=20 tau=255 lambda=0 CIRG_CRITERION=IMSPE
Budgets: SA_MAX=25 EM_MAX=300 K_GRID_POINTS=8 KMEANS_NUM_INIT=1 KMEANS_MAX_ITERS=25 CPF_LAMBDA_POINTS=6 CPF_MAX_ITER=300 BLM_NSTART=5 N_CORES=8
Methods: LM, KM, OBS, CPF, BLM, CIRG
============================================================

Running case=3 R=20 Var.a=0.5
Saved: results_comparison/RI_case3_R20_vara0.5_lambda0_none.rds 

Running case=3 R=20 Var.a=2.25
Saved: results_comparison/RI_case3_R20_vara2.25_lambda0_none.rds 

Finished. Elapsed minutes: 5.088383 
Saved combined: results_comparison/RI_cases3_R20_vara0.50-2.25_grid_lambda0_none.rds 

   method mis_type rho  n convergence_rate MSPE_mean  MSPE_MCSE beta_MSE_mean beta_MSE_MCSE beta_SSE_mean beta_SSE_MCSE intercept_MSE_mean intercept_MSE_MCSE Var_a_hat_mean Var_a_hat_MCSE Var_b_hat_mean Var_b_hat_MCSE
1     BLM     none  NA 20                1  9.424664 0.06957679   0.003971031  0.0001851284     0.1985515   0.009256422         0.03153751        0.008239850    0.018972689    0.002728406             NA             NA
2    CIRG     none  NA 20                1  9.372806 0.06626909   0.003971116  0.0001956163     0.1985558   0.009780815         0.02765465        0.006457079    0.041721636    0.008694766             NA             NA
3     CPF     none  NA 20                1  9.417654 0.06928164   0.003963462  0.0001855084     0.1981731   0.009275422         0.03030717        0.008179447    0.010933191    0.001949149             NA             NA
4      KM     none  NA 20                1  9.392797 0.06723706   0.004069793  0.0002117112     0.2034896   0.010585558         0.02930143        0.006463141    0.049909392    0.015580231             NA             NA
5      LM     none  NA 20                1  9.407579 0.06858527   0.003960240  0.0001861026     0.1980120   0.009305131         0.03075006        0.007849363    0.000000000    0.000000000             NA             NA
6     OBS     none  NA 20                1  9.410523 0.06874429   0.003961799  0.0001854423     0.1980899   0.009272113         0.03075918        0.007856392    0.004144162    0.001443951             NA             NA
7     BLM     none  NA 20                1 10.913983 0.17045658   0.005073252  0.0002978317     0.2536626   0.014891585         0.14270802        0.039755601    0.022319153    0.003062922             NA             NA
8    CIRG     none  NA 20                1 10.721124 0.15846465   0.005152988  0.0004109459     0.2576494   0.020547296         0.11729134        0.028912636    0.233920226    0.038420585             NA             NA
9     CPF     none  NA 20                1 10.903052 0.16974314   0.005071251  0.0002971803     0.2535625   0.014859016         0.13620980        0.034500735    0.013465245    0.002482299             NA             NA
10     KM     none  NA 20                1 10.823052 0.15856072   0.005547732  0.0004759762     0.2773866   0.023798809         0.13091067        0.028829569    0.242459276    0.063542790             NA             NA
11     LM     none  NA 20                1 10.891361 0.16897920   0.005064451  0.0002982245     0.2532225   0.014911224         0.13635852        0.035047655    0.000000000    0.000000000             NA             NA
12    OBS     none  NA 20                1 10.894746 0.16912892   0.005066555  0.0002977181     0.2533277   0.014885906         0.13637777        0.035064139    0.004974930    0.001601821             NA             NA
   Var_e_hat_mean Var_e_hat_MCSE Var_a_MSE_mean Var_a_MSE_MCSE Var_b_MSE_mean Var_b_MSE_MCSE Var_e_MSE_mean Var_e_MSE_MCSE G_MSE_mean G_MSE_MCSE selected_K_mean selected_K_MCSE runtime_mean runtime_MCSE iterations_mean
1        9.327446     0.04042474      0.2315287    0.002579933             NA             NA      0.1382697     0.02732605         NA         NA            6.85       0.0819178      0.16020 0.0173652102           20.30
2        9.308036     0.03763288      0.2114554    0.007699013             NA             NA      0.1217946     0.02390978         NA         NA            4.00       0.2615742     15.47250 1.5002460877           10.90
3        9.332774     0.04057332      0.2392585    0.001884163             NA             NA      0.1420159     0.02789234         NA         NA           11.70       0.3561490      0.37775 0.0354262670           42.65
4        9.328958     0.03865304      0.2071937    0.012015028             NA             NA      0.1366005     0.02596737         NA         NA            2.00       0.0000000     35.53675 2.4517203776           15.75
5        9.342815     0.04046178      0.2500000    0.000000000             NA             NA      0.1486278     0.02846542         NA         NA            1.00       0.0000000      0.01100 0.0001256562            1.00
6        9.338996     0.04052318      0.2459126    0.001403045             NA             NA      0.1461185     0.02835685         NA         NA           20.00       0.0000000      0.56495 0.0323837577           81.95
7       10.808188     0.14987818      4.9627402    0.013598446             NA             NA      3.6963506     0.60981328         NA         NA            6.95       0.0500000      0.15805 0.0174524127           20.05
8       10.667468     0.13909123      4.0926243    0.151080182             NA             NA      3.1480301     0.53298075         NA         NA            4.10       0.2704772     14.22610 1.0307004514            9.35
9       10.814777     0.15000789      5.0022048    0.011070169             NA             NA      3.7209600     0.61247789         NA         NA           11.95       0.4134260      0.38820 0.0435957265           44.50
10      10.763256     0.14092462      4.1069358    0.223302435             NA             NA      3.4864074     0.55301399         NA         NA            2.00       0.0000000     35.47055 2.4488456201           11.60
11      10.826783     0.15010600      5.0625000    0.000000000             NA             NA      3.7652402     0.61670209         NA         NA            1.00       0.0000000      0.01180 0.0001376494            1.00
12      10.822129     0.15021403      5.0401863    0.007159825             NA             NA      3.7488753     0.61601223         NA         NA           20.00       0.0000000      0.61190 0.0412946983           89.20
   iterations_MCSE group_ARI_mean group_ARI_MCSE objective_mean objective_MCSE I_optimal_mean I_optimal_MCSE IMSPE_selected_mean IMSPE_selected_MCSE case R_setting Var_a_setting
1         2.555798  -3.193976e-05   0.0002737896             NA             NA             NA             NA                  NA                  NA    3        20          0.50
2         1.345362   1.936146e-01   0.0100722420      -9.374322     0.03801582     0.07920946    0.003424406            9.374322          0.03801582    3        20          0.50
3         5.350000   3.097761e-04   0.0003218364             NA             NA             NA             NA                  NA                  NA    3        20          0.50
4         1.693447   1.099853e-01   0.0027227728             NA             NA             NA             NA                  NA                  NA    3        20          0.50
5         0.000000             NA             NA             NA             NA             NA             NA                  NA                  NA    3        20          0.50
6         4.752548  -3.373013e-05   0.0001038553             NA             NA             NA             NA                  NA                  NA    3        20          0.50
7         2.630264  -1.840222e-06   0.0002198811             NA             NA             NA             NA                  NA                  NA    3        20          2.25
8         1.433206   1.988257e-01   0.0104372381     -10.744548     0.14026249     0.14460262    0.012806583           10.744548          0.14026249    3        20          2.25
9         6.491492  -7.825570e-05   0.0002666121             NA             NA             NA             NA                  NA                  NA    3        20          2.25
10        1.548174   1.099853e-01   0.0027227728             NA             NA             NA             NA                  NA                  NA    3        20          2.25
11        0.000000             NA             NA             NA             NA             NA             NA                  NA                  NA    3        20          2.25
12        6.345160  -3.373013e-05   0.0001038553             NA             NA             NA             NA                  NA                  NA    3        20          2.25
