Host: erc-hpc-comp002
MODEL=RS CASE=8 R_LIST=20 VAR_A_LIST=0.5,2.25
LABEL_POLICY=unknown MIS_TYPE=none RHO=0 LAMBDA=0 CIRG_CRITERION=IMSPE
NLOOP=20 SA_MAX=25 EM_MAX=300 K_GRID_POINTS=8 N_CORES=8
============================================================
Method comparison
MODEL=RS cases=8 label_policy=unknown misspec=none rho=0
N=2500 p=50 R=20 Var.a=0.5,2.25
nloop=20 tau=255 lambda=0 CIRG_CRITERION=IMSPE
Budgets: SA_MAX=25 EM_MAX=300 K_GRID_POINTS=8 KMEANS_NUM_INIT=1 KMEANS_MAX_ITERS=25 CPF_LAMBDA_POINTS=6 CPF_MAX_ITER=300 BLM_NSTART=5 N_CORES=8
Methods: LM, KM, OBS, CPF, BLM, CIRG
============================================================

Running case=8 R=20 Var.a=0.5
Saved: results_comparison/RS_case8_R20_vara0.5_varb0.1_lambda0_none.rds 

Running case=8 R=20 Var.a=2.25
Saved: results_comparison/RS_case8_R20_vara2.25_varb0.1_lambda0_none.rds 

Finished. Elapsed minutes: 6.691717 
Saved combined: results_comparison/RS_cases8_R20_vara0.50-2.25_varb0.1_grid_lambda0_none.rds 

   method mis_type rho  n convergence_rate MSPE_mean MSPE_MCSE beta_MSE_mean beta_MSE_MCSE beta_SSE_mean beta_SSE_MCSE intercept_MSE_mean intercept_MSE_MCSE Var_a_hat_mean Var_a_hat_MCSE Var_b_hat_mean Var_b_hat_MCSE
1     BLM     none  NA 20                1  24.71112  1.094110   0.009508686  0.0004615356     0.4754343    0.02307678         0.03555381        0.008413171   6.813231e-05   2.697265e-07   7.432298e-05   2.883327e-07
2    CIRG     none  NA 20                1  24.72001  1.094263   0.009509880  0.0004615909     0.4754940    0.02307954         0.03571099        0.008567613   1.572449e-04   2.099104e-05   1.999925e-04   1.141653e-05
3     CPF     none  NA 20                1  24.73527  1.097779   0.009538808  0.0004625922     0.4769404    0.02312961         0.03646626        0.009225692   1.335815e-02   3.305394e-03   8.830248e-04   6.304950e-05
4      KM     none  NA 20                1  24.72214  1.094431   0.009519888  0.0004610299     0.4759944    0.02305149         0.03574019        0.008563247   1.076163e-03   9.373382e-04   1.983415e-04   1.170770e-05
5      LM     none  NA 20                1  24.71112  1.094110   0.009508686  0.0004615356     0.4754343    0.02307678         0.03555381        0.008413171   0.000000e+00   0.000000e+00             NA             NA
6     OBS     none  NA 20                1  24.72872  1.096140   0.009518773  0.0004614472     0.4759387    0.02307236         0.03546400        0.008371238   4.050292e-03   1.419322e-03   1.521037e-03   8.781416e-05
7     BLM     none  NA 20                1  26.86292  1.236041   0.009828861  0.0005086295     0.4914430    0.02543147         0.15084600        0.037542324   7.409981e-05   8.153861e-07   8.070998e-05   8.751810e-07
8    CIRG     none  NA 20                1  26.87177  1.236337   0.009829828  0.0005085135     0.4914914    0.02542567         0.15127377        0.037878392   1.614363e-04   1.795150e-05   2.130938e-04   1.123010e-05
9     CPF     none  NA 20                1  26.88433  1.237298   0.009856469  0.0005123926     0.4928235    0.02561963         0.15527536        0.039059360   1.295354e-02   3.296450e-03   1.018262e-03   4.648797e-05
10     KM     none  NA 20                1  26.87365  1.236407   0.009841439  0.0005079195     0.4920719    0.02539597         0.15134318        0.037867084   1.221692e-03   1.074984e-03   2.093882e-04   1.160422e-05
11     LM     none  NA 20                1  26.86292  1.236041   0.009828861  0.0005086295     0.4914430    0.02543147         0.15084600        0.037542324   0.000000e+00   0.000000e+00             NA             NA
12    OBS     none  NA 20                1  26.88396  1.238243   0.009839977  0.0005079717     0.4919989    0.02539858         0.15062290        0.037442533   4.479634e-03   1.676720e-03   1.676084e-03   9.971158e-05
   Var_e_hat_mean Var_e_hat_MCSE Var_a_MSE_mean Var_a_MSE_MCSE Var_b_MSE_mean Var_b_MSE_MCSE Var_e_MSE_mean Var_e_MSE_MCSE   G_MSE_mean   G_MSE_MCSE selected_K_mean selected_K_MCSE runtime_mean runtime_MCSE
1        13.92668     0.08572730      0.2499319   2.696893e-07    0.009985141   5.762333e-08       24.41185      0.8866244 0.0002880388 1.209977e-09            1.00       0.0000000      0.36805 0.0042143083
2        13.92340     0.08559723      0.2498428   2.097941e-05    0.009960044   2.278738e-06       24.37904      0.8848855 0.0002875221 4.661861e-08            2.05       0.0500000     27.46940 2.0627764636
3        13.88061     0.08545371      0.2370279   3.145644e-03    0.009824250   1.245622e-05       23.95906      0.8772214 0.0002799848 1.151267e-06           11.90       0.2982405      2.06935 0.0673152550
4        13.92309     0.08562037      0.2489417   9.195090e-04    0.009960374   2.336873e-06       24.37606      0.8851193 0.0002871820 3.456575e-07            2.00       0.0000000     35.98735 2.4729380260
5        13.92300     0.08571603      0.2500000   0.000000e+00             NA             NA       24.37548      0.8858679           NA           NA            1.00       0.0000000      0.01615 0.0001312892
6        13.85361     0.08460156      0.2460044   1.393883e-03    0.009698253   1.725610e-05       23.69350      0.8625248 0.0002810138 5.055629e-07           20.00       0.0000000      4.09475 0.1758508021
7        15.50792     0.17916184      5.0621666   3.669115e-06    0.009983865   1.748928e-07       42.96294      2.4047278 0.0021381622 4.771488e-09            1.00       0.0000000      0.36745 0.0022354500
8        15.50453     0.17914910      5.0617736   8.077305e-05    0.009957429   2.241297e-06       42.91871      2.4037449 0.0021375029 6.469293e-08            2.05       0.0500000     27.24380 1.9467788410
9        15.45589     0.17850845      5.0045833   1.469524e-02    0.009797425   9.198934e-06       42.28400      2.3811682 0.0021124393 5.589327e-06           12.20       0.3043544      2.14810 0.0768440629
10       15.50417     0.17922499      5.0570258   4.814002e-03    0.009958169   2.315968e-06       42.91451      2.4046067 0.0021356918 1.840133e-06            2.00       0.0000000     34.90620 2.3205040918
11       15.50392     0.17911820      5.0625000   0.000000e+00             NA             NA       42.91050      2.4026810           NA           NA            1.00       0.0000000      0.01540 0.0001835326
12       15.42758     0.17692839      5.0424151   7.505787e-03    0.009667781   1.957037e-05       41.90849      2.3487848 0.0021244922 2.780204e-06           20.00       0.0000000      3.70020 0.0849555797
   iterations_mean iterations_MCSE group_ARI_mean group_ARI_MCSE objective_mean objective_MCSE I_optimal_mean I_optimal_MCSE IMSPE_selected_mean IMSPE_selected_MCSE case R_setting Var_a_setting
1            27.30       0.1051315   0.000000e+00   0.000000e+00             NA             NA             NA             NA                  NA                  NA    8        20          0.50
2            42.05       3.4046988  -7.767718e-05   1.078677e-04      -14.10599     0.08699941      0.1854983    0.001703145            14.10599          0.08699941    8        20          0.50
3           141.25       4.0813278   2.679385e-04   3.125182e-04             NA             NA             NA             NA                  NA                  NA    8        20          0.50
4            40.90       3.1067837   1.499988e-06   8.200317e-05             NA             NA             NA             NA                  NA                  NA    8        20          0.50
5             1.00       0.0000000             NA             NA             NA             NA             NA             NA                  NA                  NA    8        20          0.50
6           225.00       3.8484447  -3.373013e-05   1.038553e-04             NA             NA             NA             NA                  NA                  NA    8        20          0.50
7            27.95       0.0500000   0.000000e+00   0.000000e+00             NA             NA             NA             NA                  NA                  NA    8        20          2.25
8            42.80       3.1611124  -7.767718e-05   1.078677e-04      -15.70728     0.18173727      0.2056696    0.002770600            15.70728          0.18173727    8        20          2.25
9           149.30       4.8990332   2.481359e-04   3.113370e-04             NA             NA             NA             NA                  NA                  NA    8        20          2.25
10           42.25       3.0589601   1.499988e-06   8.200317e-05             NA             NA             NA             NA                  NA                  NA    8        20          2.25
11            1.00       0.0000000             NA             NA             NA             NA             NA             NA                  NA                  NA    8        20          2.25
12          225.60       3.7002134  -3.373013e-05   1.038553e-04             NA             NA             NA             NA                  NA                  NA    8        20          2.25
