Host: erc-hpc-comp007
MODEL=RI CASE=14 R_LIST=50 VAR_A_LIST=0.5,2.25
LABEL_POLICY=unknown MIS_TYPE=none RHO=0 LAMBDA=0 CIRG_CRITERION=IMSPE
NLOOP=20 SA_MAX=25 EM_MAX=300 K_GRID_POINTS=8 N_CORES=8
============================================================
Method comparison
MODEL=RI cases=14 label_policy=unknown misspec=none rho=0
N=2500 p=50 R=50 Var.a=0.5,2.25
nloop=20 tau=255 lambda=0 CIRG_CRITERION=IMSPE
Budgets: SA_MAX=25 EM_MAX=300 K_GRID_POINTS=8 KMEANS_NUM_INIT=1 KMEANS_MAX_ITERS=25 CPF_LAMBDA_POINTS=6 CPF_MAX_ITER=300 BLM_NSTART=5 N_CORES=8
Methods: LM, KM, OBS, CPF, BLM, CIRG
============================================================

Running case=14 R=50 Var.a=0.5
Saved: results_comparison/RI_case14_R50_vara0.5_lambda0_none.rds 

Running case=14 R=50 Var.a=2.25
Saved: results_comparison/RI_case14_R50_vara2.25_lambda0_none.rds 

Finished. Elapsed minutes: 6.524817 
Saved combined: results_comparison/RI_cases14_R50_vara0.50-2.25_grid_lambda0_none.rds 

   method mis_type rho  n convergence_rate MSPE_mean  MSPE_MCSE beta_MSE_mean beta_MSE_MCSE beta_SSE_mean beta_SSE_MCSE intercept_MSE_mean intercept_MSE_MCSE Var_a_hat_mean Var_a_hat_MCSE Var_b_hat_mean Var_b_hat_MCSE
1     BLM     none  NA 20                1  9.468889 0.05702793   0.002836200  0.0001130840     0.1418100   0.005654198        0.005171440       0.0012600628   0.0637209181   0.0046719530             NA             NA
2    CIRG     none  NA 20                1  9.430934 0.05794329   0.002807080  0.0001100706     0.1403540   0.005503532        0.003301720       0.0007961742   0.0012228950   0.0007013583             NA             NA
3     CPF     none  NA 20                1  9.455084 0.05735429   0.002832601  0.0001133066     0.1416300   0.005665328        0.029118723       0.0117546094   0.1154696461   0.0111711198             NA             NA
4      KM     none  NA 20                1  9.430693 0.05807380   0.002808061  0.0001099708     0.1404031   0.005498540        0.003303492       0.0007957101   0.0005969006   0.0004340740             NA             NA
5      LM     none  NA 20                1  9.430711 0.05807535   0.002839819  0.0001132860     0.1419910   0.005664298        0.003280456       0.0007934076   0.0000000000   0.0000000000             NA             NA
6     OBS     none  NA 20                1  9.431247 0.05792901   0.002838201  0.0001130572     0.1419100   0.005652862        0.003281131       0.0007933410   0.0060233259   0.0013110516             NA             NA
7     BLM     none  NA 20                1 10.757734 0.06686744   0.008467561  0.0002183179     0.4233781   0.010915895        0.012135821       0.0027554736   0.0721421819   0.0050957954             NA             NA
8    CIRG     none  NA 20                1 10.716125 0.06825854   0.008236865  0.0002261402     0.4118433   0.011307012        0.010769720       0.0020313236   0.0030800191   0.0015419910             NA             NA
9     CPF     none  NA 20                1 10.737832 0.06805320   0.008468311  0.0002189151     0.4234155   0.010945754        0.048042483       0.0162717821   0.1251400490   0.0107378421             NA             NA
10     KM     none  NA 20                1 10.715436 0.06827161   0.008264644  0.0002245204     0.4132322   0.011226022        0.010761092       0.0020258756   0.0022581587   0.0014507665             NA             NA
11     LM     none  NA 20                1 10.716616 0.06841610   0.008481548  0.0002193796     0.4240774   0.010968980        0.010660868       0.0020276386   0.0000000000   0.0000000000             NA             NA
12    OBS     none  NA 20                1 10.717053 0.06823465   0.008479154  0.0002189560     0.4239577   0.010947800        0.010661497       0.0020274181   0.0068729150   0.0015571667             NA             NA
   Var_e_hat_mean Var_e_hat_MCSE Var_a_MSE_mean Var_a_MSE_MCSE Var_b_MSE_mean Var_b_MSE_MCSE Var_e_MSE_mean Var_e_MSE_MCSE G_MSE_mean G_MSE_MCSE selected_K_mean selected_K_MCSE runtime_mean runtime_MCSE iterations_mean
1        9.218268     0.03624262      0.1907542   0.0039889607             NA             NA     0.07259796     0.01306929         NA         NA            9.65       0.1312892      0.10360  0.003124942           11.20
2        9.266099     0.03680200      0.2487879   0.0006937189             NA             NA     0.09654227     0.01626744         NA         NA            2.60       0.3356063     15.39200  1.344254321           23.60
3        9.243948     0.03624479      0.1502347   0.0083140747             NA             NA     0.08447087     0.01465292         NA         NA            5.15       0.2436024      0.34910  0.005373375           13.30
4        9.266627     0.03684012      0.2494070   0.0004301650             NA             NA     0.09687663     0.01627946         NA         NA            2.00       0.0000000     49.93515  3.890500929           19.35
5        9.266738     0.03679144      0.2500000   0.0000000000             NA             NA     0.09686762     0.01625779         NA         NA            1.00       0.0000000      0.01530  0.001757840            1.00
6        9.261118     0.03657256      0.2440456   0.0012848525             NA             NA     0.09359602     0.01598726         NA         NA           50.00       0.0000000      1.27200  0.089371166          152.60
7       10.442955     0.04360086      4.7435581   0.0221194365             NA             NA     2.11823992     0.12057777         NA         NA            9.85       0.0819178      0.10340  0.003049935           11.30
8       10.496410     0.04389527      5.0486946   0.0068998260             NA             NA     2.27585335     0.12595044         NA         NA            2.60       0.3276712     16.63395  1.606472319           34.30
9       10.475545     0.04383257      4.5172205   0.0456406149             NA             NA     2.21373898     0.12378089         NA         NA            4.75       0.3151858      0.36695  0.014210721           15.80
10      10.497105     0.04397410      5.0523834   0.0064890536             NA             NA     2.27806343     0.12619600         NA         NA            2.00       0.0000000     49.74525  3.872490759           26.35
11      10.497983     0.04384973      5.0625000   0.0000000000             NA             NA     2.28048574     0.12588461         NA         NA            1.00       0.0000000      0.01605  0.001765868            1.00
12      10.491526     0.04380263      5.0316652   0.0069702724             NA             NA     2.26110522     0.12540454         NA         NA           50.00       0.0000000      1.46980  0.092421136          163.95
   iterations_MCSE group_ARI_mean group_ARI_MCSE objective_mean objective_MCSE I_optimal_mean I_optimal_MCSE IMSPE_selected_mean IMSPE_selected_MCSE case R_setting Var_a_setting
1        0.3741657  -2.388830e-05   1.021435e-04             NA             NA             NA             NA                  NA                  NA   14        50          0.50
2        3.0456181   7.106195e-03   7.280440e-04      -9.329847     0.03707170     0.06405084   0.0003798395            9.329847          0.03707170   14        50          0.50
3        0.7111888  -1.775030e-05   4.674876e-05             NA             NA             NA             NA                  NA                  NA   14        50          0.50
4        1.0033497   7.305603e-03   8.619416e-04             NA             NA             NA             NA                  NA                  NA   14        50          0.50
5        0.0000000             NA             NA             NA             NA             NA             NA                  NA                  NA   14        50          0.50
6        9.1203647  -1.043958e-04   1.635189e-04             NA             NA             NA             NA                  NA                  NA   14        50          0.50
7        0.4536402   2.295930e-04   1.234380e-04             NA             NA             NA             NA                  NA                  NA   14        50          2.25
8        7.2815918   7.809736e-03   5.865203e-04     -10.568740     0.04422416     0.07354989   0.0008512005           10.568740          0.04422416   14        50          2.25
9        1.9064986  -3.693187e-06   6.109110e-05             NA             NA             NA             NA                  NA                  NA   14        50          2.25
10       5.2165097   7.305603e-03   8.619416e-04             NA             NA             NA             NA                  NA                  NA   14        50          2.25
11       0.0000000             NA             NA             NA             NA             NA             NA                  NA                  NA   14        50          2.25
12      10.3914122  -1.043958e-04   1.635189e-04             NA             NA             NA             NA                  NA                  NA   14        50          2.25
