Host: erc-hpc-comp188
MODEL=RS CASE=5 R_LIST=50 VAR_A_LIST=0.5,2.25
LABEL_POLICY=unknown MIS_TYPE=none RHO=0 LAMBDA=0 CIRG_CRITERION=IMSPE
NLOOP=20 SA_MAX=25 EM_MAX=300 K_GRID_POINTS=8 N_CORES=8
============================================================
Method comparison
MODEL=RS cases=5 label_policy=unknown misspec=none rho=0
N=2500 p=50 R=50 Var.a=0.5,2.25
nloop=20 tau=255 lambda=0 CIRG_CRITERION=IMSPE
Budgets: SA_MAX=25 EM_MAX=300 K_GRID_POINTS=8 KMEANS_NUM_INIT=1 KMEANS_MAX_ITERS=25 CPF_LAMBDA_POINTS=6 CPF_MAX_ITER=300 BLM_NSTART=5 N_CORES=8
Methods: LM, KM, OBS, CPF, BLM, CIRG
============================================================

Running case=5 R=50 Var.a=0.5
Saved: results_comparison/RS_case5_R50_vara0.5_varb0.1_lambda0_none.rds 

Running case=5 R=50 Var.a=2.25
Saved: results_comparison/RS_case5_R50_vara2.25_varb0.1_lambda0_none.rds 

Finished. Elapsed minutes: 14.9414 
Saved combined: results_comparison/RS_cases5_R50_vara0.50-2.25_varb0.1_grid_lambda0_none.rds 

   method mis_type rho  n convergence_rate MSPE_mean  MSPE_MCSE beta_MSE_mean beta_MSE_MCSE beta_SSE_mean beta_SSE_MCSE intercept_MSE_mean intercept_MSE_MCSE Var_a_hat_mean Var_a_hat_MCSE Var_b_hat_mean Var_b_hat_MCSE
1     BLM     none  NA 20                1  15.67728 0.08791432   0.004586102  0.0002594436     0.2293051    0.01297218         0.01669187        0.005378369   7.901097e-05   4.582250e-07   6.315937e-05   3.736928e-07
2    CIRG     none  NA 20                1  15.67845 0.08791900   0.004588138  0.0002598618     0.2294069    0.01299309         0.01676758        0.005401090   2.852395e-04   3.947033e-05   2.871562e-04   3.933207e-05
3     CPF     none  NA 20                1  15.72952 0.08679281   0.004592826  0.0002560182     0.2296413    0.01280091         0.07487770        0.019702819   1.585678e-01   1.555371e-02   1.584769e-04   1.065129e-05
4      KM     none  NA 20                1  15.67819 0.08796670   0.004587372  0.0002593120     0.2293686    0.01296560         0.01672866        0.005401778   2.079044e-04   3.119400e-05   1.924909e-04   1.438341e-05
5      LM     none  NA 20                1  15.67728 0.08791432   0.004586102  0.0002594436     0.2293051    0.01297218         0.01669187        0.005378369   0.000000e+00   0.000000e+00             NA             NA
6     OBS     none  NA 20                0  15.69081 0.08650653   0.004587190  0.0002598626     0.2293595    0.01299313         0.01675378        0.005399094   7.907226e-03   2.014025e-03   3.789052e-03   1.781375e-04
7     BLM     none  NA 20                1  17.24799 0.14222574   0.004792499  0.0002716759     0.2396249    0.01358379         0.07070700        0.024181841   8.684495e-05   7.286132e-07   6.942204e-05   5.908845e-07
8    CIRG     none  NA 20                1  17.24936 0.14221884   0.004811645  0.0002736644     0.2405823    0.01368322         0.07072268        0.024252753   8.500078e-04   5.742890e-04   3.234998e-04   4.197081e-05
9     CPF     none  NA 20                1  17.29468 0.14456565   0.004789321  0.0002706769     0.2394661    0.01353384         0.12640422        0.035755917   1.790583e-01   2.040883e-02   1.621708e-04   9.078411e-06
10     KM     none  NA 20                1  17.24899 0.14210404   0.004810688  0.0002730643     0.2405344    0.01365322         0.07065368        0.024253634   7.656136e-04   5.774963e-04   2.148876e-04   1.207301e-05
11     LM     none  NA 20                1  17.24799 0.14222574   0.004792499  0.0002716759     0.2396249    0.01358379         0.07070700        0.024181841   0.000000e+00   0.000000e+00             NA             NA
12    OBS     none  NA 20                0  17.26195 0.14093688   0.004793188  0.0002713566     0.2396594    0.01356783         0.07085781        0.024257721   8.515283e-03   2.089582e-03   4.045387e-03   1.835339e-04
   Var_e_hat_mean Var_e_hat_MCSE Var_a_MSE_mean Var_a_MSE_MCSE Var_b_MSE_mean Var_b_MSE_MCSE Var_e_MSE_mean Var_e_MSE_MCSE   G_MSE_mean   G_MSE_MCSE selected_K_mean selected_K_MCSE runtime_mean runtime_MCSE
1        15.38126     0.08938187      0.2499210   4.581522e-07    0.009987372   7.469113e-08       40.87234       1.157546 0.0002880775 1.611406e-09            1.00       0.0000000      0.37765  0.016178002
2        15.36940     0.08869368      0.2497149   3.943869e-05    0.009942681   7.838789e-06       40.71875       1.147686 0.0002871391 1.556050e-07            3.00       0.3838859     35.36890  7.044267667
3        15.33898     0.08916389      0.1211724   9.966185e-03    0.009968332   2.126034e-06       40.33377       1.145346 0.0002382118 3.827691e-06            5.30       0.3332456      1.55270  0.071730824
4        15.37629     0.08916772      0.2497922   3.116787e-05    0.009961543   2.871642e-06       40.80808       1.153936 0.0002875314 4.905038e-08            2.00       0.0000000     98.59140  6.647053625
5        15.37724     0.08935847      0.2500000   0.000000e+00             NA             NA       40.82088       1.156519           NA           NA            1.00       0.0000000      0.03125  0.004054156
6        15.15103     0.09073887      0.2422324   1.954400e-03    0.009257149   3.430598e-05       37.99156       1.136125 0.0002710841 1.115698e-06           50.00       0.0000000     13.32190  1.137299447
7        16.90633     0.14202558      5.0621092   3.278630e-06    0.009986120   1.180932e-07       62.89336       2.342316 0.0021381835 3.529322e-09            1.00       0.0000000      0.35155  0.007051120
8        16.89284     0.14136301      5.0586820   2.577433e-03    0.009935438   8.359568e-06       62.67658       2.329722 0.0021358915 9.775853e-07            3.00       0.3838859     33.76590  6.032274469
9        16.86962     0.14251594      4.2967133   8.206011e-02    0.009967594   1.812362e-06       62.31690       2.341656 0.0018435575 3.153825e-05            5.35       0.4247290      1.54800  0.096417158
10       16.90071     0.14212614      5.0590617   2.591850e-03    0.009957071   2.409449e-06       62.80503       2.342479 0.0021364534 9.866078e-07            2.00       0.0000000     96.06180  8.705681357
11       16.90191     0.14198839      5.0625000   0.000000e+00             NA             NA       62.82318       2.340421           NA           NA            1.00       0.0000000      0.02825  0.002201525
12       16.66145     0.14127014      5.0243367   9.340511e-03    0.009207928   3.523117e-05       59.07694       2.261425 0.0021087017 3.727314e-06           50.00       0.0000000     12.67110  0.770360534
   iterations_mean iterations_MCSE group_ARI_mean group_ARI_MCSE objective_mean objective_MCSE I_optimal_mean I_optimal_MCSE IMSPE_selected_mean IMSPE_selected_MCSE case R_setting Var_a_setting
1            26.00        0.000000   0.000000e+00   0.000000e+00             NA             NA             NA             NA                  NA                  NA    5        50          0.50
2            60.75        8.759919  -4.881826e-05   6.748023e-05      -15.48572     0.08972292      0.1116957   0.0007395526            15.48572          0.08972292    5        50          0.50
3           103.00        5.161599   2.927374e-04   9.069747e-05             NA             NA             NA             NA                  NA                  NA    5        50          0.50
4            42.00        6.532913  -1.452724e-06   4.159276e-05             NA             NA             NA             NA                  NA                  NA    5        50          0.50
5             1.00        0.000000             NA             NA             NA             NA             NA             NA                  NA                  NA    5        50          0.50
6           300.00        0.000000  -1.043958e-04   1.635189e-04             NA             NA             NA             NA                  NA                  NA    5        50          0.50
7            26.00        0.000000   0.000000e+00   0.000000e+00             NA             NA             NA             NA                  NA                  NA    5        50          2.25
8            55.00        7.285891  -4.881826e-05   6.748023e-05      -17.02100     0.14292216      0.1233349   0.0010355153            17.02100          0.14292216    5        50          2.25
9           104.75        6.756624   2.105592e-04   6.167757e-05             NA             NA             NA             NA                  NA                  NA    5        50          2.25
10           35.85        1.749098  -1.452724e-06   4.159276e-05             NA             NA             NA             NA                  NA                  NA    5        50          2.25
11            1.00        0.000000             NA             NA             NA             NA             NA             NA                  NA                  NA    5        50          2.25
12          300.00        0.000000  -1.043958e-04   1.635189e-04             NA             NA             NA             NA                  NA                  NA    5        50          2.25
