Host: erc-hpc-comp010
MODEL=RS CASE=10 R_LIST=20 VAR_A_LIST=0.5,2.25
LABEL_POLICY=unknown MIS_TYPE=none RHO=0 LAMBDA=0 CIRG_CRITERION=IMSPE
NLOOP=20 SA_MAX=25 EM_MAX=300 K_GRID_POINTS=8 N_CORES=8
============================================================
Method comparison
MODEL=RS cases=10 label_policy=unknown misspec=none rho=0
N=2500 p=50 R=20 Var.a=0.5,2.25
nloop=20 tau=255 lambda=0 CIRG_CRITERION=IMSPE
Budgets: SA_MAX=25 EM_MAX=300 K_GRID_POINTS=8 KMEANS_NUM_INIT=1 KMEANS_MAX_ITERS=25 CPF_LAMBDA_POINTS=6 CPF_MAX_ITER=300 BLM_NSTART=5 N_CORES=8
Methods: LM, KM, OBS, CPF, BLM, CIRG
============================================================

Running case=10 R=20 Var.a=0.5
Saved: results_comparison/RS_case10_R20_vara0.5_varb0.1_lambda0_none.rds 

Running case=10 R=20 Var.a=2.25
Saved: results_comparison/RS_case10_R20_vara2.25_varb0.1_lambda0_none.rds 

Finished. Elapsed minutes: 8.480267 
Saved combined: results_comparison/RS_cases10_R20_vara0.50-2.25_varb0.1_grid_lambda0_none.rds 

   method mis_type rho  n convergence_rate MSPE_mean MSPE_MCSE beta_MSE_mean beta_MSE_MCSE beta_SSE_mean beta_SSE_MCSE intercept_MSE_mean intercept_MSE_MCSE Var_a_hat_mean Var_a_hat_MCSE Var_b_hat_mean Var_b_hat_MCSE
1     BLM     none  NA 20             1.00  22.42029 1.5170729    0.01746985  0.0008049547     0.8734923    0.04024774          0.9176869          0.3205454   1.017370e-04   4.753752e-06   0.0002000170   7.359306e-06
2    CIRG     none  NA 20             1.00  18.52047 1.2493400    0.01692564  0.0009639521     0.8462819    0.04819760         27.4033427         11.2668532   8.880671e+01   2.576348e+01   0.0361237914   6.889498e-03
3     CPF     none  NA 20             0.80  22.44647 1.5191039    0.01748959  0.0008136503     0.8744794    0.04068252          0.9207843          0.3209980   2.113912e-02   4.114761e-03   0.0006810532   4.263220e-05
4      KM     none  NA 20             1.00  16.82075 0.9737938    0.01604849  0.0008768049     0.8024246    0.04384025         26.6059809          7.6561505   1.297569e+02   2.523388e+01   0.0556048355   5.555529e-03
5      LM     none  NA 20             1.00  22.42029 1.5170729    0.01746985  0.0008049547     0.8734923    0.04024774          0.9176869          0.3205454   0.000000e+00   0.000000e+00             NA             NA
6     OBS     none  NA 20             0.85  22.45102 1.5157581    0.01749205  0.0008040285     0.8746025    0.04020143          0.9162121          0.3200126   8.099605e-03   2.346881e-03   0.0009285454   5.568937e-05
7     BLM     none  NA 20             1.00  23.90232 1.4098436    0.01819378  0.0008570474     0.9096891    0.04285237          0.9935774          0.3560353   1.065832e-04   4.576512e-06   0.0002083369   6.817845e-06
8    CIRG     none  NA 20             0.95  19.44520 1.1774921    0.01747482  0.0011709695     0.8737410    0.05854848         27.9629882         10.3440767   1.041496e+02   2.945067e+01   0.0399509582   7.364478e-03
9     CPF     none  NA 20             0.80  23.93592 1.4110247    0.01821524  0.0008668425     0.9107619    0.04334212          0.9867794          0.3536069   2.349574e-02   4.498837e-03   0.0007437206   4.237251e-05
10     KM     none  NA 20             1.00  17.55646 0.8343056    0.01692356  0.0011123061     0.8461781    0.05561531         28.5064661          7.9192246   1.488864e+02   2.757281e+01   0.0597285616   5.958298e-03
11     LM     none  NA 20             1.00  23.90232 1.4098436    0.01819378  0.0008570474     0.9096891    0.04285237          0.9935774          0.3560353   0.000000e+00   0.000000e+00             NA             NA
12    OBS     none  NA 20             0.90  23.93387 1.4089021    0.01821895  0.0008586313     0.9109474    0.04293157          0.9922796          0.3554833   7.626190e-03   1.973660e-03   0.0009596988   5.081898e-05
   Var_e_hat_mean Var_e_hat_MCSE Var_a_MSE_mean Var_a_MSE_MCSE Var_b_MSE_mean Var_b_MSE_MCSE Var_e_MSE_mean Var_e_MSE_MCSE   G_MSE_mean   G_MSE_MCSE selected_K_mean selected_K_MCSE runtime_mean runtime_MCSE
1        22.14439      1.5300059   2.498983e-01   4.752756e-06    0.009960038   1.469003e-06      217.25239       55.24313 2.875433e-04 2.999417e-08             1.0       0.0000000      0.31895 0.0068650430
2        17.93351      1.2709842   2.040945e+04   9.162383e+03    0.004982008   7.668371e-04      110.50024       37.08599 7.846867e+00 3.522630e+00             4.3       0.3634629     20.38325 1.5020425319
3        22.09455      1.5277335   2.296294e-01   3.869470e-03    0.009864288   8.471470e-06      215.81272       54.96929 2.779100e-04 1.510786e-06            12.9       0.2892822      2.47900 0.1706662486
4        16.36723      0.9438988   2.880556e+04   1.018847e+04    0.002557345   3.821192e-04       71.20407       21.21003 1.107485e+01 3.917130e+00             6.0       0.0000000     58.94605 2.5340878609
5        22.13789      1.5296976   2.500000e-01   0.000000e+00             NA             NA      217.06375       55.21077           NA           NA             1.0       0.0000000      0.00840 0.0004611199
6        22.08820      1.5262274   2.420706e-01   2.276393e-03    0.009815212   1.103448e-05      215.55904       54.84366 2.817498e-04 9.570127e-07            20.0       0.0000000      3.27725 0.2464134723
7        23.60918      1.4403744   5.062020e+00   2.059331e-05    0.009958377   1.360868e-06      252.84714       51.37642 2.137616e-03 3.375365e-08             1.0       0.0000000      0.34190 0.0096204005
8        18.82185      1.1992528   2.686303e+04   1.191080e+04    0.004636363   7.980154e-04      123.79472       31.10433 1.032805e+01 4.579306e+00             4.3       0.3634629     21.63695 3.3581140576
9        23.55444      1.4376785   4.957706e+00   1.996839e-02    0.009851843   8.415849e-06      251.10323       51.07131 2.095462e-03 7.663048e-06            13.0       0.3324550      2.49605 0.1684025327
10       17.06190      0.7993409   3.594716e+04   1.143058e+04    0.002296314   3.914329e-04       77.13412       14.77360 1.382056e+01 4.394681e+00             6.0       0.0000000     58.68415 2.5749991847
11       23.60236      1.4400837   5.062500e+00   0.000000e+00             NA             NA      252.63179       51.34592           NA           NA             1.0       0.0000000      0.00780 0.0002955815
12       23.55300      1.4369072   5.028314e+00   8.829042e-03    0.009809030   1.006526e-05      251.01904       51.01358 2.121786e-03 3.434954e-06            20.0       0.0000000      3.15565 0.1543354391
   iterations_mean iterations_MCSE group_ARI_mean group_ARI_MCSE objective_mean objective_MCSE I_optimal_mean I_optimal_MCSE IMSPE_selected_mean IMSPE_selected_MCSE case R_setting Var_a_setting
1            29.40       0.6897749   0.000000e+00   0.0000000000             NA             NA             NA             NA                  NA                  NA   10        20          0.50
2            32.60       6.9196136   3.162946e-01   0.0301921058      -18.25412       1.268008       18.22925       5.128168            18.25412            1.268008   10        20          0.50
3           196.75      13.7431083  -1.946053e-04   0.0003010614             NA             NA             NA             NA                  NA                  NA   10        20          0.50
4            18.95       1.3108354   4.579160e-01   0.0096031273             NA             NA             NA             NA                  NA                  NA   10        20          0.50
5             1.00       0.0000000             NA             NA             NA             NA             NA             NA                  NA                  NA   10        20          0.50
6           213.95      10.3337656  -3.373013e-05   0.0001038553             NA             NA             NA             NA                  NA                  NA   10        20          0.50
7            30.00       0.6569467   0.000000e+00   0.0000000000             NA             NA             NA             NA                  NA                  NA   10        20          2.25
8            36.35      14.1639414   3.162946e-01   0.0301921058      -19.16329       1.193952       21.14360       5.712531            19.16329            1.193952   10        20          2.25
9           196.70      13.4749475   3.127010e-04   0.0002303929             NA             NA             NA             NA                  NA                  NA   10        20          2.25
10           18.45       1.3327356   4.579160e-01   0.0096031273             NA             NA             NA             NA                  NA                  NA   10        20          2.25
11            1.00       0.0000000             NA             NA             NA             NA             NA             NA                  NA                  NA   10        20          2.25
12          213.70       8.8825968  -3.373013e-05   0.0001038553             NA             NA             NA             NA                  NA                  NA   10        20          2.25
