Host: erc-hpc-comp010
MODEL=RI CASE=4 R_LIST=10 VAR_A_LIST=0.5,2.25
LABEL_POLICY=unknown MIS_TYPE=none RHO=0 LAMBDA=0 CIRG_CRITERION=IMSPE
NLOOP=20 SA_MAX=25 EM_MAX=300 K_GRID_POINTS=8 N_CORES=8
============================================================
Method comparison
MODEL=RI cases=4 label_policy=unknown misspec=none rho=0
N=2500 p=50 R=10 Var.a=0.5,2.25
nloop=20 tau=255 lambda=0 CIRG_CRITERION=IMSPE
Budgets: SA_MAX=25 EM_MAX=300 K_GRID_POINTS=8 KMEANS_NUM_INIT=1 KMEANS_MAX_ITERS=25 CPF_LAMBDA_POINTS=6 CPF_MAX_ITER=300 BLM_NSTART=5 N_CORES=8
Methods: LM, KM, OBS, CPF, BLM, CIRG
============================================================

Running case=4 R=10 Var.a=0.5
Saved: results_comparison/RI_case4_R10_vara0.5_lambda0_none.rds 

Running case=4 R=10 Var.a=2.25
Saved: results_comparison/RI_case4_R10_vara2.25_lambda0_none.rds 

Finished. Elapsed minutes: 4.52485 
Saved combined: results_comparison/RI_cases4_R10_vara0.50-2.25_grid_lambda0_none.rds 

   method mis_type rho  n convergence_rate MSPE_mean  MSPE_MCSE beta_MSE_mean beta_MSE_MCSE beta_SSE_mean beta_SSE_MCSE intercept_MSE_mean intercept_MSE_MCSE Var_a_hat_mean Var_a_hat_MCSE Var_b_hat_mean Var_b_hat_MCSE
1     BLM     none  NA 20                1  9.336135 0.07677668   0.002220010  9.517483e-05     0.1110005   0.004758741          0.1803055         0.05191054    0.004618885   0.0013889943             NA             NA
2    CIRG     none  NA 20                1  9.319452 0.07546866   0.002234856  9.453982e-05     0.1117428   0.004726991          0.1683578         0.05282622    0.044284928   0.0165608981             NA             NA
3     CPF     none  NA 20                1  9.335225 0.07676832   0.002219265  9.546232e-05     0.1109632   0.004773116          0.1783029         0.05074679    0.003512481   0.0011113357             NA             NA
4      KM     none  NA 20                1  9.328473 0.07588073   0.002241938  9.301957e-05     0.1120969   0.004650978          0.1748056         0.05244947    0.031684429   0.0116461407             NA             NA
5      LM     none  NA 20                1  9.333585 0.07682294   0.002214708  9.579238e-05     0.1107354   0.004789619          0.1786602         0.05035171    0.000000000   0.0000000000             NA             NA
6     OBS     none  NA 20                1  9.334362 0.07683886   0.002218145  9.527398e-05     0.1109072   0.004763699          0.1789183         0.05036498    0.002247827   0.0007510474             NA             NA
7     BLM     none  NA 20                1 10.583328 0.19344877   0.002695041  1.092234e-04     0.1347520   0.005461171          0.7871030         0.24563153    0.004660655   0.0013220832             NA             NA
8    CIRG     none  NA 20                1 10.486452 0.18362178   0.002791648  1.600846e-04     0.1395824   0.008004229          0.6975042         0.23209227    0.231474739   0.0662072386             NA             NA
9     CPF     none  NA 20                1 10.582144 0.19351882   0.002694272  1.092325e-04     0.1347136   0.005461626          0.7850632         0.24417737    0.003157691   0.0009233687             NA             NA
10     KM     none  NA 20                1 10.537558 0.18932381   0.002814761  1.565809e-04     0.1407381   0.007829045          0.6726685         0.21899804    0.183799687   0.0527068919             NA             NA
11     LM     none  NA 20                1 10.580447 0.19354367   0.002689836  1.097159e-04     0.1344918   0.005485794          0.7844194         0.24362111    0.000000000   0.0000000000             NA             NA
12    OBS     none  NA 20                1 10.581331 0.19352398   0.002693261  1.093090e-04     0.1346631   0.005465451          0.7847795         0.24359138    0.002253745   0.0007005168             NA             NA
   Var_e_hat_mean Var_e_hat_MCSE Var_a_MSE_mean Var_a_MSE_MCSE Var_b_MSE_mean Var_b_MSE_MCSE Var_e_MSE_mean Var_e_MSE_MCSE G_MSE_mean G_MSE_MCSE selected_K_mean selected_K_MCSE runtime_mean runtime_MCSE iterations_mean
1        9.255516     0.04039470      0.2454391   0.0013631169             NA             NA     0.09629147     0.02348461         NA         NA            5.75      0.14281014      0.27605 0.0204779053           37.45
2        9.236720     0.03796842      0.2128872   0.0125840008             NA             NA     0.08342670     0.02086481         NA         NA            2.45      0.28538985     13.80515 0.8817387645           23.65
3        9.256346     0.04039885      0.2465233   0.0010939170             NA             NA     0.09672272     0.02349715         NA         NA            7.10      0.27047716      0.34885 0.0204477865           42.10
4        9.250452     0.03951033      0.2218965   0.0095673680             NA             NA     0.09238643     0.02161189         NA         NA            2.00      0.00000000     34.18850 2.5283513252           26.25
5        9.259256     0.04039736      0.2500000   0.0000000000             NA             NA     0.09822083     0.02357319         NA         NA            1.00      0.00000000      0.01845 0.0001534687            1.00
6        9.257341     0.04040915      0.2477679   0.0007428369             NA             NA     0.09724934     0.02355986         NA         NA           10.00      0.00000000      0.35090 0.0216584613           49.80
7       10.478966     0.16256672      5.0415820   0.0059284265             NA             NA     2.68947253     0.61196570         NA         NA            5.90      0.06882472      0.29145 0.0227512261           39.80
8       10.378121     0.14609108      4.1577288   0.2261350987             NA             NA     2.30472600     0.51206387         NA         NA            2.65      0.31850804     11.33010 0.5525094898           11.55
9       10.480145     0.16257207      5.0483166   0.0041446807             NA             NA     2.69299295     0.61214835         NA         NA            7.50      0.24602097      0.39535 0.0229129101           46.70
10      10.433405     0.15588460      4.3219660   0.1861820140             NA             NA     2.51634933     0.54981093         NA         NA            2.00      0.00000000     33.73005 2.4949138963           11.75
11      10.482860     0.16259844      5.0625000   0.0000000000             NA             NA     2.70120094     0.61263132         NA         NA            1.00      0.00000000      0.01545 0.0001352386            1.00
12      10.480971     0.16258380      5.0523726   0.0031455761             NA             NA     2.69551023     0.61232261         NA         NA           10.00      0.00000000      0.34985 0.0208735888           52.20
   iterations_MCSE group_ARI_mean group_ARI_MCSE objective_mean objective_MCSE I_optimal_mean I_optimal_MCSE IMSPE_selected_mean IMSPE_selected_MCSE case R_setting Var_a_setting
1         3.006550   0.0001886664   0.0002959329             NA             NA             NA             NA                  NA                  NA    4        10          0.50
2         4.439817   0.1911987083   0.0072249978      -9.301082      0.0382640     0.08187306    0.006209392            9.301082           0.0382640    4        10          0.50
3         3.182931  -0.0002572084   0.0003101632             NA             NA             NA             NA                  NA                  NA    4        10          0.50
4         4.404468   0.1857773330   0.0092512379             NA             NA             NA             NA                  NA                  NA    4        10          0.50
5         0.000000             NA             NA             NA             NA             NA             NA                  NA                  NA    4        10          0.50
6         3.101443  -0.0002519361   0.0001109870             NA             NA             NA             NA                  NA                  NA    4        10          0.50
7         3.451621   0.0001431152   0.0002627609             NA             NA             NA             NA                  NA                  NA    4        10          2.25
8         1.976806   0.1955503989   0.0081010900     -10.451264      0.1470654     0.16518480    0.026519942           10.451264           0.1470654    4        10          2.25
9         3.436721   0.0001548309   0.0002953936             NA             NA             NA             NA                  NA                  NA    4        10          2.25
10        1.897193   0.1857773330   0.0092512379             NA             NA             NA             NA                  NA                  NA    4        10          2.25
11        0.000000             NA             NA             NA             NA             NA             NA                  NA                  NA    4        10          2.25
12        3.199178  -0.0002519361   0.0001109870             NA             NA             NA             NA                  NA                  NA    4        10          2.25
