Host: erc-hpc-comp014
MODEL=RI CASE=13 R_LIST=10 VAR_A_LIST=0.5,2.25
LABEL_POLICY=unknown MIS_TYPE=none RHO=0 LAMBDA=0 CIRG_CRITERION=IMSPE
NLOOP=20 SA_MAX=25 EM_MAX=300 K_GRID_POINTS=8 N_CORES=8
============================================================
Method comparison
MODEL=RI cases=13 label_policy=unknown misspec=none rho=0
N=2500 p=50 R=10 Var.a=0.5,2.25
nloop=20 tau=255 lambda=0 CIRG_CRITERION=IMSPE
Budgets: SA_MAX=25 EM_MAX=300 K_GRID_POINTS=8 KMEANS_NUM_INIT=1 KMEANS_MAX_ITERS=25 CPF_LAMBDA_POINTS=6 CPF_MAX_ITER=300 BLM_NSTART=5 N_CORES=8
Methods: LM, KM, OBS, CPF, BLM, CIRG
============================================================

Running case=13 R=10 Var.a=0.5
Saved: results_comparison/RI_case13_R10_vara0.5_lambda0_none.rds 

Running case=13 R=10 Var.a=2.25
Saved: results_comparison/RI_case13_R10_vara2.25_lambda0_none.rds 

Finished. Elapsed minutes: 7.674117 
Saved combined: results_comparison/RI_cases13_R10_vara0.50-2.25_grid_lambda0_none.rds 

   method mis_type rho  n convergence_rate MSPE_mean  MSPE_MCSE beta_MSE_mean beta_MSE_MCSE beta_SSE_mean beta_SSE_MCSE intercept_MSE_mean intercept_MSE_MCSE Var_a_hat_mean Var_a_hat_MCSE Var_b_hat_mean Var_b_hat_MCSE
1     BLM     none  NA 20                1  9.324916 0.05698310   0.006169819  0.0001602995     0.3084910   0.008014975        0.006309596        0.001853977    0.003206403   0.0008071830             NA             NA
2    CIRG     none  NA 20                1  9.321047 0.05741490   0.005668639  0.0002014875     0.2834319   0.010074376        0.006666438        0.001993416    0.015292501   0.0062866419             NA             NA
3     CPF     none  NA 20                1  9.324399 0.05701996   0.006168479  0.0001604465     0.3084239   0.008022325        0.006342177        0.001947380    0.002198124   0.0005319332             NA             NA
4      KM     none  NA 20                1  9.324175 0.05691923   0.005896472  0.0002223222     0.2948236   0.011116111        0.006304239        0.001900884    0.008754112   0.0057714423             NA             NA
5      LM     none  NA 20                1  9.324198 0.05707186   0.006167087  0.0001607031     0.3083543   0.008035157        0.006264910        0.001895655    0.000000000   0.0000000000             NA             NA
6     OBS     none  NA 20                1  9.323975 0.05697199   0.006168346  0.0001604702     0.3084173   0.008023508        0.006261084        0.001894887    0.001420486   0.0004245701             NA             NA
7     BLM     none  NA 20                1 10.245594 0.08590814   0.017225557  0.0003130168     0.8612778   0.015650838        0.029120858        0.008423040    0.003266978   0.0008701046             NA             NA
8    CIRG     none  NA 20                1 10.216222 0.09035174   0.014433902  0.0008188811     0.7216951   0.040944055        0.032040616        0.009493015    0.083586671   0.0257282103             NA             NA
9     CPF     none  NA 20                1 10.245041 0.08583776   0.017223844  0.0003133057     0.8611922   0.015665286        0.029079596        0.008624075    0.002253102   0.0006159947             NA             NA
10     KM     none  NA 20                1 10.234209 0.08741187   0.015348352  0.0007193280     0.7674176   0.035966399        0.029245361        0.008611403    0.051615281   0.0214725724             NA             NA
11     LM     none  NA 20                1 10.244794 0.08577083   0.017216871  0.0003139662     0.8608436   0.015698312        0.028448243        0.008565186    0.000000000   0.0000000000             NA             NA
12    OBS     none  NA 20                1 10.244609 0.08576669   0.017219531  0.0003136051     0.8609766   0.015680253        0.028440432        0.008563832    0.001398817   0.0004112183             NA             NA
   Var_e_hat_mean Var_e_hat_MCSE Var_a_MSE_mean Var_a_MSE_MCSE Var_b_MSE_mean Var_b_MSE_MCSE Var_e_MSE_mean Var_e_MSE_MCSE G_MSE_mean G_MSE_MCSE selected_K_mean selected_K_MCSE runtime_mean runtime_MCSE iterations_mean
1        9.182164     0.02901678      0.2468163   0.0007969742             NA             NA     0.04918106    0.007566432         NA         NA             6.0      0.00000000      0.37925  0.052945646           42.50
2        9.178218     0.03045711      0.2356923   0.0057026435             NA             NA     0.04938679    0.007617491         NA         NA             3.0      0.61129715     15.32160  1.038818188           18.00
3        9.183065     0.02902711      0.2478121   0.0005274996             NA             NA     0.04952158    0.007593279         NA         NA             7.4      0.27529888      0.47000  0.054699803           48.45
4        9.182421     0.02937303      0.2419554   0.0051553038             NA             NA     0.04967015    0.007659210         NA         NA             2.0      0.00000000     62.52465  4.526636579           19.65
5        9.185020     0.02894152      0.2500000   0.0000000000             NA             NA     0.05014713    0.007653732         NA         NA             1.0      0.00000000      0.02020  0.002548064            1.00
6        9.183926     0.02893850      0.2485850   0.0004216349             NA             NA     0.04974001    0.007640083         NA         NA            10.0      0.00000000      0.56565  0.074975023           55.05
7       10.088945     0.05948612      5.0478237   0.0039041614             NA             NA     1.25303360    0.122171880         NA         NA             5.9      0.06882472      0.36575  0.028630392           45.80
8       10.059844     0.06643831      4.7059236   0.1076961909             NA             NA     1.20713688    0.131098565         NA         NA             2.6      0.28469744     14.41955  0.947705660           15.25
9       10.089852     0.05940289      5.0523733   0.0027663940             NA             NA     1.25482309    0.122177854         NA         NA             7.5      0.21151086      0.47910  0.029084080           51.65
10      10.076836     0.06312022      4.8416557   0.0891740637             NA             NA     1.23527571    0.126213649         NA         NA             2.0      0.00000000     63.31190  5.684409461           16.15
11      10.091822     0.05948488      5.0625000   0.0000000000             NA             NA     1.25930604    0.122639142         NA         NA             1.0      0.00000000      0.01775  0.001060970            1.00
12      10.090767     0.05950225      5.0562105   0.0018474562             NA             NA     1.25704349    0.122513238         NA         NA            10.0      0.00000000      0.49195  0.024926996           58.80
   iterations_MCSE group_ARI_mean group_ARI_MCSE objective_mean objective_MCSE I_optimal_mean I_optimal_MCSE IMSPE_selected_mean IMSPE_selected_MCSE case R_setting Var_a_setting
1         3.451544  -0.0000894819   0.0002474201             NA             NA             NA             NA                  NA                  NA   13        10          0.50
2         1.256562   0.1864729319   0.0090533451      -9.242252     0.03034355     0.06921056    0.003003332            9.242252          0.03034355   13        10          0.50
3         3.156843  -0.0005033711   0.0002612843             NA             NA             NA             NA                  NA                  NA   13        10          0.50
4         1.340218   0.1755927626   0.0063078379             NA             NA             NA             NA                  NA                  NA   13        10          0.50
5         0.000000             NA             NA             NA             NA             NA             NA                  NA                  NA   13        10          0.50
6         2.433835  -0.0002519361   0.0001109870             NA             NA             NA             NA                  NA                  NA   13        10          0.50
7         3.844066   0.0004224844   0.0002617091             NA             NA             NA             NA                  NA                  NA   13        10          2.25
8         1.769441   0.1891710209   0.0085977246     -10.130208     0.06665992     0.09977568    0.010331107           10.130208          0.06665992   13        10          2.25
9         3.461271   0.0005114154   0.0003110634             NA             NA             NA             NA                  NA                  NA   13        10          2.25
10        1.681595   0.1755927626   0.0063078379             NA             NA             NA             NA                  NA                  NA   13        10          2.25
11        0.000000             NA             NA             NA             NA             NA             NA                  NA                  NA   13        10          2.25
12        2.674047  -0.0002519361   0.0001109870             NA             NA             NA             NA                  NA                  NA   13        10          2.25
