Host: erc-hpc-comp028
MODEL=RS CASE=15 R_LIST=10 VAR_A_LIST=0.5,2.25
LABEL_POLICY=unknown MIS_TYPE=none RHO=0 LAMBDA=0 CIRG_CRITERION=IMSPE
NLOOP=20 SA_MAX=25 EM_MAX=300 K_GRID_POINTS=8 N_CORES=8
============================================================
Method comparison
MODEL=RS cases=15 label_policy=unknown misspec=none rho=0
N=2500 p=50 R=10 Var.a=0.5,2.25
nloop=20 tau=255 lambda=0 CIRG_CRITERION=IMSPE
Budgets: SA_MAX=25 EM_MAX=300 K_GRID_POINTS=8 KMEANS_NUM_INIT=1 KMEANS_MAX_ITERS=25 CPF_LAMBDA_POINTS=6 CPF_MAX_ITER=300 BLM_NSTART=5 N_CORES=8
Methods: LM, KM, OBS, CPF, BLM, CIRG
============================================================

Running case=15 R=10 Var.a=0.5
Saved: results_comparison/RS_case15_R10_vara0.5_varb0.1_lambda0_none.rds 

Running case=15 R=10 Var.a=2.25
Saved: results_comparison/RS_case15_R10_vara2.25_varb0.1_lambda0_none.rds 

Finished. Elapsed minutes: 9.92035 
Saved combined: results_comparison/RS_cases15_R10_vara0.50-2.25_varb0.1_grid_lambda0_none.rds 

   method mis_type rho  n convergence_rate MSPE_mean MSPE_MCSE beta_MSE_mean beta_MSE_MCSE beta_SSE_mean beta_SSE_MCSE intercept_MSE_mean intercept_MSE_MCSE Var_a_hat_mean Var_a_hat_MCSE Var_b_hat_mean Var_b_hat_MCSE
1     BLM     none  NA 20                1  16.95918 0.4436497    0.01165208   0.001162023     0.5826038    0.05810114          0.1921066         0.02126738   8.685860e-05   2.014589e-06   0.0001085711   2.524289e-06
2    CIRG     none  NA 20                1  16.86913 0.4398564    0.01145481   0.001128178     0.5727407    0.05640890          0.1576363         0.01943215   4.617344e-03   2.506662e-03   0.0031121425   6.125206e-04
3     CPF     none  NA 20                1  16.96382 0.4440655    0.01165587   0.001162505     0.5827935    0.05812523          0.1938253         0.02163046   5.027013e-03   1.176890e-03   0.0011242154   8.727405e-05
4      KM     none  NA 20                1  16.89224 0.4435027    0.01157538   0.001146409     0.5787690    0.05732043          0.1663354         0.02007877   2.061835e-04   1.461193e-05   0.0017309417   3.871071e-04
5      LM     none  NA 20                1  16.95918 0.4436497    0.01165208   0.001162023     0.5826038    0.05810114          0.1921066         0.02126738   0.000000e+00   0.000000e+00             NA             NA
6     OBS     none  NA 20                1  16.96477 0.4446905    0.01164906   0.001161509     0.5824531    0.05807546          0.1922800         0.02129956   3.264695e-03   8.206016e-04   0.0013924372   1.071380e-04
7     BLM     none  NA 20                1  20.09787 0.6041097    0.01862826   0.001796908     0.9314129    0.08984539          0.2928884         0.03840047   9.972669e-05   2.440062e-06   0.0001246505   3.056021e-06
8    CIRG     none  NA 20                1  19.99236 0.6007790    0.01825791   0.001748579     0.9128957    0.08742893          0.2465769         0.03432494   5.332873e-03   3.219465e-03   0.0035190960   7.224666e-04
9     CPF     none  NA 20                1  20.10351 0.6050723    0.01862298   0.001795542     0.9311491    0.08977708          0.2971616         0.03878978   6.483407e-03   1.704971e-03   0.0012559744   1.065692e-04
10     KM     none  NA 20                1  20.02002 0.6038924    0.01851061   0.001775467     0.9255303    0.08877334          0.2581131         0.03549571   2.228551e-04   1.576659e-05   0.0020048399   4.551441e-04
11     LM     none  NA 20                1  20.09787 0.6041097    0.01862826   0.001796908     0.9314129    0.08984539          0.2928884         0.03840047   0.000000e+00   0.000000e+00             NA             NA
12    OBS     none  NA 20                1  20.10579 0.6054953    0.01862134   0.001795854     0.9310671    0.08979270          0.2931161         0.03842938   3.712028e-03   1.046240e-03   0.0016517159   1.409838e-04
   Var_e_hat_mean Var_e_hat_MCSE Var_a_MSE_mean Var_a_MSE_MCSE Var_b_MSE_mean Var_b_MSE_MCSE Var_e_MSE_mean Var_e_MSE_MCSE   G_MSE_mean   G_MSE_MCSE selected_K_mean selected_K_MCSE runtime_mean runtime_MCSE
1        16.90348      0.3914451      0.2499131   2.014258e-06    0.009978298   5.043407e-07       65.37632       5.469784 0.0002879001 1.046945e-08            1.00       0.0000000      0.32670  0.009890745
2        16.77305      0.3888236      0.2455234   2.416001e-03    0.009394385   1.170647e-04       63.29272       5.356356 0.0002749876 2.818924e-06            3.45       0.5959292     29.64055  3.998277644
3        16.86213      0.3900654      0.2450246   1.159808e-03    0.009776566   1.718579e-05       64.70395       5.422309 0.0002821426 6.338252e-07            8.40       0.2224268      1.72135  0.158092549
4        16.83512      0.3908638      0.2497939   1.460567e-05    0.009659655   7.531923e-05       64.29187       5.394603 0.0002817288 1.451642e-06            2.00       0.0000000     57.72975  5.006255028
5        16.89904      0.3913424      0.2500000   0.000000e+00             NA             NA       65.30472       5.465075           NA           NA            1.00       0.0000000      0.02360  0.002398903
6        16.85113      0.3893451      0.2467588   8.121771e-04    0.009723670   2.103546e-05       64.52046       5.404552 0.0002817925 6.459487e-07           10.00       0.0000000      2.77325  0.200686898
7        20.03549      0.5440614      5.0620512   1.097982e-05    0.009975086   6.104858e-07      127.40615      10.586521 0.0021379491 1.595660e-08            1.00       0.0000000      0.38600  0.025779020
8        19.88794      0.5389221      5.0387274   1.433231e-02    0.009318482   1.369269e-04      124.06552      10.376038 0.0021163597 7.029770e-06            3.30       0.5942709     31.34185  3.444988756
9        19.98856      0.5423898      5.0334219   7.636815e-03    0.009750598   2.092049e-05      126.33799      10.511531 0.0021226266 3.070186e-06            8.10       0.1905670      1.78440  0.088620343
10       19.95611      0.5436972      5.0614972   7.094229e-05    0.009606987   8.807034e-05      125.65283      10.470083 0.0021306600 1.710738e-06            2.00       0.0000000     63.68100  5.345348069
11       20.03040      0.5439371      5.0625000   0.000000e+00             NA             NA      127.29123      10.578876           NA           NA            1.00       0.0000000      0.02360  0.002888635
12       19.97367      0.5411297      5.0458304   4.693563e-03    0.009672763   2.756885e-05      125.98500      10.471091 0.0021259010 2.127528e-06           10.00       0.0000000      2.77100  0.208272064
   iterations_mean iterations_MCSE group_ARI_mean group_ARI_MCSE objective_mean objective_MCSE I_optimal_mean I_optimal_MCSE IMSPE_selected_mean IMSPE_selected_MCSE case R_setting Var_a_setting
1            26.00      0.00000000   0.0000000000   0.0000000000             NA             NA             NA             NA                  NA                  NA   15        10          0.50
2            57.80     10.87261166   0.0037155870   0.0007411377      -16.94893      0.3921674      0.1554695    0.007889285            16.94893           0.3921674   15        10          0.50
3           119.60      5.46683782  -0.0005055306   0.0002766558             NA             NA             NA             NA                  NA                  NA   15        10          0.50
4            38.10      2.05311061   0.0036787750   0.0006709283             NA             NA             NA             NA                  NA                  NA   15        10          0.50
5             1.00      0.00000000             NA             NA             NA             NA             NA             NA                  NA                  NA   15        10          0.50
6           145.50      3.77143000  -0.0002519361   0.0001109870             NA             NA             NA             NA                  NA                  NA   15        10          0.50
7            26.80      0.09176629   0.0000000000   0.0000000000             NA             NA             NA             NA                  NA                  NA   15        10          2.25
8            51.35      5.16938101   0.0037932597   0.0007463734      -20.09195      0.5452929      0.1838479    0.009622654            20.09195           0.5452929   15        10          2.25
9           119.50      3.10559766  -0.0007304192   0.0003372375             NA             NA             NA             NA                  NA                  NA   15        10          2.25
10           40.45      2.12933768   0.0036787750   0.0006709283             NA             NA             NA             NA                  NA                  NA   15        10          2.25
11            1.00      0.00000000             NA             NA             NA             NA             NA             NA                  NA                  NA   15        10          2.25
12          145.65      3.47946986  -0.0002519361   0.0001109870             NA             NA             NA             NA                  NA                  NA   15        10          2.25
