Host: erc-hpc-comp010
MODEL=RS CASE=10 R_LIST=10 VAR_A_LIST=0.5,2.25
LABEL_POLICY=unknown MIS_TYPE=none RHO=0 LAMBDA=0 CIRG_CRITERION=IMSPE
NLOOP=20 SA_MAX=25 EM_MAX=300 K_GRID_POINTS=8 N_CORES=8
============================================================
Method comparison
MODEL=RS cases=10 label_policy=unknown misspec=none rho=0
N=2500 p=50 R=10 Var.a=0.5,2.25
nloop=20 tau=255 lambda=0 CIRG_CRITERION=IMSPE
Budgets: SA_MAX=25 EM_MAX=300 K_GRID_POINTS=8 KMEANS_NUM_INIT=1 KMEANS_MAX_ITERS=25 CPF_LAMBDA_POINTS=6 CPF_MAX_ITER=300 BLM_NSTART=5 N_CORES=8
Methods: LM, KM, OBS, CPF, BLM, CIRG
============================================================

Running case=10 R=10 Var.a=0.5
Saved: results_comparison/RS_case10_R10_vara0.5_varb0.1_lambda0_none.rds 

Running case=10 R=10 Var.a=2.25
Saved: results_comparison/RS_case10_R10_vara2.25_varb0.1_lambda0_none.rds 

Finished. Elapsed minutes: 8.897233 
Saved combined: results_comparison/RS_cases10_R10_vara0.50-2.25_varb0.1_grid_lambda0_none.rds 

   method mis_type rho  n convergence_rate MSPE_mean MSPE_MCSE beta_MSE_mean beta_MSE_MCSE beta_SSE_mean beta_SSE_MCSE intercept_MSE_mean intercept_MSE_MCSE Var_a_hat_mean Var_a_hat_MCSE Var_b_hat_mean Var_b_hat_MCSE
1     BLM     none  NA 20                1  12.94913 0.2812355    0.01777121  0.0006962565     0.8885604    0.03481283          0.3847108          0.1275157   6.504158e-05   1.444497e-06   0.0001363640   3.128379e-06
2    CIRG     none  NA 20                1  11.82835 0.2960667    0.01850394  0.0009837935     0.9251971    0.04918968          1.1662569          0.2783548   4.438342e+00   1.418056e+00   0.0251270131   4.243804e-03
3     CPF     none  NA 20                1  12.96432 0.2840055    0.01774288  0.0006922742     0.8871440    0.03461371          0.3871103          0.1274204   8.096859e-03   2.550344e-03   0.0007097051   4.391957e-05
4      KM     none  NA 20                1  11.06635 0.1420400    0.01890433  0.0012625974     0.9452165    0.06312987          5.5329471          1.5262142   1.779158e+01   3.891562e+00   0.0491815803   3.816852e-03
5      LM     none  NA 20                1  12.94913 0.2812355    0.01777121  0.0006962565     0.8885604    0.03481283          0.3847108          0.1275157   0.000000e+00   0.000000e+00             NA             NA
6     OBS     none  NA 20                1  12.96337 0.2836461    0.01775977  0.0006905645     0.8879887    0.03452823          0.3841360          0.1273638   6.344102e-03   2.307298e-03   0.0008646047   4.539655e-05
7     BLM     none  NA 20                1  13.87621 0.3043991    0.01842150  0.0006922997     0.9210748    0.03461498          0.3591904          0.1484375   6.962987e-05   1.531686e-06   0.0001459309   3.200929e-06
8    CIRG     none  NA 20                1  12.37799 0.3212577    0.01899702  0.0009281855     0.9498511    0.04640927          2.6572451          1.1183081   7.682084e+00   2.242602e+00   0.0298243772   5.376964e-03
9     CPF     none  NA 20                1  13.88828 0.3068758    0.01839378  0.0006853549     0.9196889    0.03426774          0.3605606          0.1484603   7.745268e-03   2.533317e-03   0.0007919034   4.595189e-05
10     KM     none  NA 20                1  11.45358 0.1302131    0.01962250  0.0013231976     0.9811252    0.06615988          7.4315022          2.1116725   2.258769e+01   4.657093e+00   0.0554769270   4.539877e-03
11     LM     none  NA 20                1  13.87621 0.3043991    0.01842150  0.0006922997     0.9210748    0.03461498          0.3591904          0.1484375   0.000000e+00   0.000000e+00             NA             NA
12    OBS     none  NA 20                1  13.88989 0.3065311    0.01840949  0.0006857218     0.9204746    0.03428609          0.3588538          0.1483803   6.475054e-03   2.366651e-03   0.0009160349   5.027477e-05
   Var_e_hat_mean Var_e_hat_MCSE Var_a_MSE_mean Var_a_MSE_MCSE Var_b_MSE_mean Var_b_MSE_MCSE Var_e_MSE_mean Var_e_MSE_MCSE   G_MSE_mean   G_MSE_MCSE selected_K_mean selected_K_MCSE runtime_mean runtime_MCSE
1        12.70896      0.2974370      0.2499350   1.444307e-06    0.009972746   6.247943e-07      15.437312      2.4822772 0.0002878017 1.250897e-08            1.00       0.0000000      0.29660 0.0033224911
2        11.56039      0.3258395     53.7173297   3.409482e+01    0.005948152   5.609322e-04       8.572857      2.0169591 0.0207669117 1.310222e-02            3.70       0.5898260     16.97305 1.1835792004
3        12.68238      0.2958380      0.2420923   2.453312e-03    0.009858599   8.728799e-06      15.222785      2.4597004 0.0002825922 9.602805e-07            7.65       0.2209430      1.44540 0.1003956227
4        10.69231      0.1566682    586.7395077   2.022306e+02    0.002859311   4.117289e-04       3.330272      0.6624831 0.2256372446 7.774614e-02            5.80       0.2000000     62.78365 2.6810601755
5        12.70512      0.2973447      0.2500000   0.000000e+00             NA             NA      15.407801      2.4791618           NA           NA            1.00       0.0000000      0.00845 0.0005205008
6        12.68049      0.2961126      0.2437973   2.225004e-03    0.009827866   9.006657e-06      15.211967      2.4602605 0.0002826569 8.723495e-07           10.00       0.0000000      1.81120 0.1402303669
7        13.60062      0.3049441      5.0621867   6.892379e-06    0.009970835   6.392461e-07      22.932489      2.9002771 0.0021379194 1.469486e-08            1.00       0.0000000      0.30615 0.0033656743
8        12.07648      0.3564413    125.0635441   6.087695e+01    0.005473941   6.578596e-04      11.878703      2.6068700 0.0481880973 2.339634e-02            3.80       0.6008766     16.99570 1.2497184190
9        13.57319      0.3034165      5.0278282   1.130148e-02    0.009842287   9.124231e-06      22.663225      2.8706485 0.0021222386 4.333878e-06            8.35       0.2209430      1.57880 0.1280299430
10       11.06128      0.1408703    825.7036767   3.120010e+02    0.002373903   4.341534e-04       4.625905      0.6092265 0.3175018731 1.199499e-01            5.80       0.2000000     64.41560 2.5509960071
11       13.59651      0.3048490      5.0625000   0.000000e+00             NA             NA      22.893595      2.8968581           NA           NA            1.00       0.0000000      0.01660 0.0010270038
12       13.57036      0.3034820      5.0335106   1.056084e-02    0.009817680   9.964870e-06      22.638072      2.8698226 0.0021239503 4.059930e-06           10.00       0.0000000      2.00270 0.1483988598
   iterations_mean iterations_MCSE group_ARI_mean group_ARI_MCSE objective_mean objective_MCSE I_optimal_mean I_optimal_MCSE IMSPE_selected_mean IMSPE_selected_MCSE case R_setting Var_a_setting
1            27.00       0.0000000   0.000000e+00   0.0000000000             NA             NA             NA             NA                  NA                  NA   10        10          0.50
2            22.25       2.7133927   3.641874e-01   0.0351166088      -11.76061      0.3143662       1.507278      0.2587006            11.76061           0.3143662   10        10          0.50
3           124.20       8.3182108  -6.610952e-05   0.0002332620             NA             NA             NA             NA                  NA                  NA   10        10          0.50
4            16.50       0.9276456   5.500052e-01   0.0245558159             NA             NA             NA             NA                  NA                  NA   10        10          0.50
5             1.00       0.0000000             NA             NA             NA             NA             NA             NA                  NA                  NA   10        10          0.50
6           138.30       9.5170484  -2.519361e-04   0.0001109870             NA             NA             NA             NA                  NA                  NA   10        10          0.50
7            27.00       0.0000000   0.000000e+00   0.0000000000             NA             NA             NA             NA                  NA                  NA   10        10          2.25
8            19.20       2.6353867   3.651706e-01   0.0352157210      -12.29464      0.3430972       2.176309      0.3862715            12.29464           0.3430972   10        10          2.25
9           132.50      11.1179087  -5.012646e-04   0.0002503089             NA             NA             NA             NA                  NA                  NA   10        10          2.25
10           14.90       0.7976940   5.500052e-01   0.0245558159             NA             NA             NA             NA                  NA                  NA   10        10          2.25
11            1.00       0.0000000             NA             NA             NA             NA             NA             NA                  NA                  NA   10        10          2.25
12          140.30       9.4457175  -2.519361e-04   0.0001109870             NA             NA             NA             NA                  NA                  NA   10        10          2.25
