Host: erc-hpc-comp025
MODEL=RS CASE=10 R_LIST=50 VAR_A_LIST=0.5,2.25
LABEL_POLICY=unknown MIS_TYPE=none RHO=0 LAMBDA=0 CIRG_CRITERION=IMSPE
NLOOP=20 SA_MAX=25 EM_MAX=300 K_GRID_POINTS=8 N_CORES=8
============================================================
Method comparison
MODEL=RS cases=10 label_policy=unknown misspec=none rho=0
N=2500 p=50 R=50 Var.a=0.5,2.25
nloop=20 tau=255 lambda=0 CIRG_CRITERION=IMSPE
Budgets: SA_MAX=25 EM_MAX=300 K_GRID_POINTS=8 KMEANS_NUM_INIT=1 KMEANS_MAX_ITERS=25 CPF_LAMBDA_POINTS=6 CPF_MAX_ITER=300 BLM_NSTART=5 N_CORES=8
Methods: LM, KM, OBS, CPF, BLM, CIRG
============================================================

Running case=10 R=50 Var.a=0.5
Saved: results_comparison/RS_case10_R50_vara0.5_varb0.1_lambda0_none.rds 

Running case=10 R=50 Var.a=2.25
Saved: results_comparison/RS_case10_R50_vara2.25_varb0.1_lambda0_none.rds 

Finished. Elapsed minutes: 10.3971 
Saved combined: results_comparison/RS_cases10_R50_vara0.50-2.25_varb0.1_grid_lambda0_none.rds 

   method mis_type rho  n convergence_rate MSPE_mean MSPE_MCSE beta_MSE_mean beta_MSE_MCSE beta_SSE_mean beta_SSE_MCSE intercept_MSE_mean intercept_MSE_MCSE Var_a_hat_mean Var_a_hat_MCSE Var_b_hat_mean Var_b_hat_MCSE
1     BLM     none  NA 20             1.00 105.33158  7.319170    0.04664930   0.002713301      2.332465     0.1356650           3.067126          0.9849831   2.367732e-04   9.269100e-06   0.0003331911   6.664944e-06
2    CIRG     none  NA 20             1.00  81.45876  6.924576    0.04063911   0.002876909      2.031956     0.1438455         695.750033        414.1930939   2.423778e+03   1.212505e+03   0.1037531515   2.522601e-02
3     CPF     none  NA 20             0.25 105.60788  7.333532    0.04687712   0.002760686      2.343856     0.1380343           3.751796          1.3584213   1.529254e+00   2.420788e-01   0.0005841168   8.760648e-05
4      KM     none  NA 20             1.00  60.35439  3.711313    0.03976048   0.003415215      1.988024     0.1707607         805.161441        326.6193068   6.496426e+03   1.313897e+03   0.2448467482   2.636260e-02
5      LM     none  NA 20             1.00 105.33158  7.319170    0.04664930   0.002713301      2.332465     0.1356650           3.067126          0.9849831   0.000000e+00   0.000000e+00             NA             NA
6     OBS     none  NA 20             0.00 106.17418  7.350930    0.04688859   0.002749923      2.344429     0.1374961           3.052527          0.9805747   6.097741e-02   2.292440e-02   0.0021096451   1.588677e-04
7     BLM     none  NA 20             1.00 107.40025  7.181183    0.04795012   0.002792964      2.397506     0.1396482           3.002065          0.9153207   2.395642e-04   9.057023e-06   0.0003353548   6.405705e-06
8    CIRG     none  NA 20             1.00  83.08808  6.902287    0.04158458   0.002849602      2.079229     0.1424801         687.887781        413.9727768   2.467050e+03   1.264322e+03   0.1049116323   2.569851e-02
9     CPF     none  NA 20             0.35 107.67814  7.197146    0.04810050   0.002835721      2.405025     0.1417860           3.539855          1.2837052   1.539417e+00   2.438241e-01   0.0005782808   7.450817e-05
10     KM     none  NA 20             1.00  61.42068  3.886585    0.04080573   0.003671660      2.040287     0.1835830         791.812062        323.9279727   6.634366e+03   1.334992e+03   0.2490632319   2.630443e-02
11     LM     none  NA 20             1.00 107.40025  7.181183    0.04795012   0.002792964      2.397506     0.1396482           3.002065          0.9153207   0.000000e+00   0.000000e+00             NA             NA
12    OBS     none  NA 20             0.00 108.25045  7.212406    0.04815799   0.002817844      2.407900     0.1408922           2.987136          0.9110578   6.466107e-02   2.450855e-02   0.0021483336   1.532864e-04
   Var_e_hat_mean Var_e_hat_MCSE Var_a_MSE_mean Var_a_MSE_MCSE Var_b_MSE_mean Var_b_MSE_MCSE Var_e_MSE_mean Var_e_MSE_MCSE   G_MSE_mean   G_MSE_MCSE selected_K_mean selected_K_MCSE runtime_mean runtime_MCSE
1       103.68919       7.146596   2.497633e-01   9.264658e-06    0.009933474   1.328636e-06       9936.445      1519.3195 2.869808e-04 2.906332e-08            1.00      0.00000000      0.59715 0.0187166229
2        76.86959       7.003268   3.380547e+07   2.899607e+07    0.012104768   7.099380e-03       5538.151      1130.8878 1.299711e+04 1.114805e+04            5.65      0.39917678     26.87840 2.3012693173
3       103.32911       7.125646   2.172805e+00   8.725884e-01    0.009883664   1.739917e-05       9862.702      1510.7845 1.025370e-03 3.354453e-04            5.80      0.45073040      3.18340 0.1117621393
4        57.47439       3.529333   7.499723e+07   2.682410e+07    0.034185331   9.746485e-03       2586.434       355.2687 2.883400e+04 1.031300e+04           10.00      0.07254763     62.22560 2.7182093258
5       103.66950       7.145588   2.500000e-01   0.000000e+00             NA             NA       9932.444      1518.8093           NA           NA            1.00      0.00000000      0.00740 0.0001123903
6       102.97873       7.075302   2.027259e-01   1.446493e-02    0.009583001   3.093354e-05       9783.140      1489.1963 2.621591e-04 5.790779e-06           50.00      0.00000000      6.18915 0.0413907106
7       105.69474       7.010661   5.061422e+00   4.075226e-05    0.009933042   1.276941e-06      10283.711      1466.4300 2.136899e-03 4.010273e-08            1.00      0.00000000      0.59935 0.0146810431
8        78.26990       6.986560   3.644692e+07   3.174942e+07    0.012571976   7.599752e-03       5725.747      1124.4467 1.401266e+04 1.220662e+04            5.65      0.39917678     26.91930 2.3236535015
9       105.34208       6.991856   1.634483e+00   3.074835e-01    0.009884784   1.480865e-05      10210.632      1458.4103 8.184245e-04 1.182332e-04            5.65      0.44292687      3.17455 0.0944157512
10       58.47461       3.689224   7.784682e+07   2.766061e+07    0.035366384   9.972211e-03       2706.334       387.5216 2.992957e+04 1.063461e+04           10.00      0.07254763     62.35480 2.7895764257
11      105.67476       7.009672   5.062500e+00   0.000000e+00             NA             NA      10279.584      1465.9345           NA           NA            1.00      0.00000000      0.00735 0.0001094243
12      104.97962       6.943276   4.787119e+00   1.004667e-01    0.009575395   2.986816e-05      10128.061      1438.2494 2.024563e-03 3.882508e-05           50.00      0.00000000      6.26185 0.0680273658
   iterations_mean iterations_MCSE group_ARI_mean group_ARI_MCSE objective_mean objective_MCSE I_optimal_mean I_optimal_MCSE IMSPE_selected_mean IMSPE_selected_MCSE case R_setting Var_a_setting
1            57.85        1.756604   0.0000000000   0.000000e+00             NA             NA             NA             NA                  NA                  NA   10        50          0.50
2            36.05        5.299193   0.2028323850   1.534123e-02      -78.22415       7.015650       363.9264       173.7371            78.22415            7.015650   10        50          0.50
3           278.15       10.292121   0.0001162070   5.990381e-05             NA             NA             NA             NA                  NA                  NA   10        50          0.50
4            20.85        2.212732   0.3751023904   5.141847e-03             NA             NA             NA             NA                  NA                  NA   10        50          0.50
5             1.00        0.000000             NA             NA             NA             NA             NA             NA                  NA                  NA   10        50          0.50
6           300.00        0.000000  -0.0001043958   1.635189e-04             NA             NA             NA             NA                  NA                  NA   10        50          0.50
7            58.35        1.741559   0.0000000000   0.000000e+00             NA             NA             NA             NA                  NA                  NA   10        50          2.25
8            35.45        5.069763   0.2028323850   1.534123e-02      -79.64642       6.997648       370.2911       181.3178            79.64642            6.997648   10        50          2.25
9           277.20        8.197753   0.0001009944   6.645291e-05             NA             NA             NA             NA                  NA                  NA   10        50          2.25
10           20.60        2.121817   0.3751023904   5.141847e-03             NA             NA             NA             NA                  NA                  NA   10        50          2.25
11            1.00        0.000000             NA             NA             NA             NA             NA             NA                  NA                  NA   10        50          2.25
12          300.00        0.000000  -0.0001043958   1.635189e-04             NA             NA             NA             NA                  NA                  NA   10        50          2.25
