Host: erc-hpc-comp028
MODEL=RS CASE=3 R_LIST=20 VAR_A_LIST=0.5,2.25
LABEL_POLICY=unknown MIS_TYPE=none RHO=0 LAMBDA=0 CIRG_CRITERION=IMSPE
NLOOP=20 SA_MAX=25 EM_MAX=300 K_GRID_POINTS=8 N_CORES=8
============================================================
Method comparison
MODEL=RS cases=3 label_policy=unknown misspec=none rho=0
N=2500 p=50 R=20 Var.a=0.5,2.25
nloop=20 tau=255 lambda=0 CIRG_CRITERION=IMSPE
Budgets: SA_MAX=25 EM_MAX=300 K_GRID_POINTS=8 KMEANS_NUM_INIT=1 KMEANS_MAX_ITERS=25 CPF_LAMBDA_POINTS=6 CPF_MAX_ITER=300 BLM_NSTART=5 N_CORES=8
Methods: LM, KM, OBS, CPF, BLM, CIRG
============================================================

Running case=3 R=20 Var.a=0.5
Saved: results_comparison/RS_case3_R20_vara0.5_varb0.1_lambda0_none.rds 

Running case=3 R=20 Var.a=2.25
Saved: results_comparison/RS_case3_R20_vara2.25_varb0.1_lambda0_none.rds 

Finished. Elapsed minutes: 8.065117 
Saved combined: results_comparison/RS_cases3_R20_vara0.50-2.25_varb0.1_grid_lambda0_none.rds 

   method mis_type rho  n convergence_rate MSPE_mean  MSPE_MCSE beta_MSE_mean beta_MSE_MCSE beta_SSE_mean beta_SSE_MCSE intercept_MSE_mean intercept_MSE_MCSE Var_a_hat_mean Var_a_hat_MCSE Var_b_hat_mean Var_b_hat_MCSE
1     BLM     none  NA 20                1  11.44602 0.09734665    0.01204308  0.0005315802     0.6021541    0.02657901         0.05430583         0.01274268   5.737687e-05   4.341395e-07   0.0001501320   1.159770e-06
2    CIRG     none  NA 20                1  11.22571 0.09138980    0.01215950  0.0005804544     0.6079752    0.02902272         0.12903297         0.05458236   1.448439e-01   4.974825e-02   0.0112877440   1.565362e-03
3     CPF     none  NA 20                1  11.45421 0.09647906    0.01205161  0.0005369646     0.6025803    0.02684823         0.05487031         0.01294013   1.116888e-02   2.351933e-03   0.0017014878   1.385826e-04
4      KM     none  NA 20                1  11.31669 0.09517251    0.01235479  0.0005203353     0.6177394    0.02601676         0.11863975         0.02775856   6.305334e-02   1.422880e-02   0.0043051405   9.255401e-04
5      LM     none  NA 20                1  11.44602 0.09734665    0.01204308  0.0005315802     0.6021541    0.02657901         0.05430583         0.01274268   0.000000e+00   0.000000e+00             NA             NA
6     OBS     none  NA 20                1  11.45008 0.09662642    0.01203122  0.0005360378     0.6015608    0.02680189         0.05425346         0.01270862   3.781267e-03   1.172535e-03   0.0026826576   1.585080e-04
7     BLM     none  NA 20                1  13.06122 0.16057274    0.01296867  0.0006036707     0.6484337    0.03018354         0.14717294         0.03743568   6.501589e-05   6.291703e-07   0.0001701445   1.872385e-06
8    CIRG     none  NA 20                1  12.63280 0.17080147    0.01327529  0.0006895073     0.6637644    0.03447537         0.43365892         0.13491521   5.135696e-01   1.077630e-01   0.0166391057   2.411430e-03
9     CPF     none  NA 20                1  13.07045 0.15951550    0.01293316  0.0006094677     0.6466580    0.03047339         0.15212507         0.03811968   1.304971e-02   2.872533e-03   0.0020326360   1.417645e-04
10     KM     none  NA 20                1  12.78353 0.17953617    0.01372352  0.0006198205     0.6861758    0.03099102         0.45712641         0.09266266   2.303621e-01   5.239366e-02   0.0070379005   1.380578e-03
11     LM     none  NA 20                1  13.06122 0.16057274    0.01296867  0.0006036707     0.6484337    0.03018354         0.14717294         0.03743568   0.000000e+00   0.000000e+00             NA             NA
12    OBS     none  NA 20                1  13.06636 0.15990562    0.01295490  0.0006083129     0.6477448    0.03041564         0.14713764         0.03743028   4.782627e-03   1.429077e-03   0.0031322125   2.405467e-04
   Var_e_hat_mean Var_e_hat_MCSE Var_a_MSE_mean Var_a_MSE_MCSE Var_b_MSE_mean Var_b_MSE_MCSE Var_e_MSE_mean Var_e_MSE_MCSE   G_MSE_mean   G_MSE_MCSE selected_K_mean selected_K_MCSE runtime_mean runtime_MCSE
1        11.34173     0.07327842      0.2499426   4.340895e-07    0.009969996   2.316044e-07       5.585706      0.3531729 0.0002877518 4.539221e-09             1.0       0.0000000      0.35865 0.0219628005
2        11.06775     0.05871293      0.1731587   1.757153e-02    0.007916421   2.649719e-04       4.341094      0.2487778 0.0002187542 1.027566e-05             4.0       0.2513123     39.57485 6.0536012889
3        11.30360     0.07381764      0.2390610   2.281082e-03    0.009662962   2.704730e-05       5.410116      0.3500297 0.0002776659 1.128213e-06            11.4       0.4376973      2.41325 0.1723110082
4        11.21548     0.06523123      0.1947691   1.189390e-02    0.009173782   1.716977e-04       4.989179      0.3003697 0.0002512334 4.638073e-06             2.0       0.0000000     44.33185 4.3186548169
5        11.33873     0.07325867      0.2500000   0.000000e+00             NA             NA       5.571611      0.3526377           NA           NA             1.0       0.0000000      0.01615 0.0013922246
6        11.29031     0.07347839      0.2462592   1.156387e-03    0.009471143   3.061335e-05       5.348112      0.3470944 0.0002767460 6.935777e-07            20.0       0.0000000      4.02555 0.2672554709
7        12.90367     0.12970267      5.0622074   2.831185e-06    0.009966000   3.738439e-07      15.558283      0.9914176 0.0021378345 8.039135e-09             1.0       0.0000000      0.34410 0.0127566082
8        12.42248     0.12290867      3.2358348   3.141778e-01    0.007059524   3.863382e-04      12.000420      0.8464648 0.0013797812 1.260086e-04             3.8       0.2470883     35.45715 4.8696806262
9        12.85732     0.13097854      5.0041034   1.282533e-02    0.009597986   2.772825e-05      15.204832      0.9902540 0.0021084209 5.003060e-06            11.8       0.2955815      2.32815 0.0962163208
10       12.63551     0.13409997      4.1310942   1.985898e-01    0.008678166   2.473054e-04      13.558611      0.9779194 0.0017550951 7.535873e-05             2.0       0.0000000     40.84835 3.1335643059
11       12.90027     0.12967053      5.0625000   0.000000e+00             NA             NA      15.531596      0.9902981           NA           NA             1.0       0.0000000      0.01435 0.0006210136
12       12.84266     0.12812631      5.0410399   6.405552e-03    0.009384468   4.596223e-05      15.077966      0.9604578 0.0021185172 2.479471e-06            20.0       0.0000000      3.90410 0.1448097645
   iterations_mean iterations_MCSE group_ARI_mean group_ARI_MCSE objective_mean objective_MCSE I_optimal_mean I_optimal_MCSE IMSPE_selected_mean IMSPE_selected_MCSE case R_setting Var_a_setting
1            26.90      0.06882472   0.000000e+00   0.0000000000             NA             NA             NA             NA                  NA                  NA    3        20          0.50
2            62.40     12.06547925   1.970164e-01   0.0106531018      -11.22759     0.06067119      0.1891422     0.02215730            11.22759          0.06067119    3        20          0.50
3           152.85      6.68512685  -6.127517e-05   0.0002430892             NA             NA             NA             NA                  NA                  NA    3        20          0.50
4            60.55      9.32948777   1.099853e-01   0.0027227728             NA             NA             NA             NA                  NA                  NA    3        20          0.50
5             1.00      0.00000000             NA             NA             NA             NA             NA             NA                  NA                  NA    3        20          0.50
6           219.35      4.39992524  -3.373013e-05   0.0001038553             NA             NA             NA             NA                  NA                  NA    3        20          0.50
7            27.00      0.00000000   0.000000e+00   0.0000000000             NA             NA             NA             NA                  NA                  NA    3        20          2.25
8            50.80      7.56814654   1.946446e-01   0.0100900563      -12.61371     0.12709927      0.3366338     0.03851617            12.61371          0.12709927    3        20          2.25
9           164.90      5.45261888  -4.155536e-04   0.0002482055             NA             NA             NA             NA                  NA                  NA    3        20          2.25
10           54.15     11.31074827   1.099853e-01   0.0027227728             NA             NA             NA             NA                  NA                  NA    3        20          2.25
11            1.00      0.00000000             NA             NA             NA             NA             NA             NA                  NA                  NA    3        20          2.25
12          222.75      3.95891732  -3.373013e-05   0.0001038553             NA             NA             NA             NA                  NA                  NA    3        20          2.25
