Host: erc-hpc-comp188
MODEL=RI CASE=16 R_LIST=20 VAR_A_LIST=0.5,2.25
LABEL_POLICY=unknown MIS_TYPE=none RHO=0 LAMBDA=0 CIRG_CRITERION=IMSPE
NLOOP=20 SA_MAX=25 EM_MAX=300 K_GRID_POINTS=8 N_CORES=8
============================================================
Method comparison
MODEL=RI cases=16 label_policy=unknown misspec=none rho=0
N=2500 p=50 R=20 Var.a=0.5,2.25
nloop=20 tau=255 lambda=0 CIRG_CRITERION=IMSPE
Budgets: SA_MAX=25 EM_MAX=300 K_GRID_POINTS=8 KMEANS_NUM_INIT=1 KMEANS_MAX_ITERS=25 CPF_LAMBDA_POINTS=6 CPF_MAX_ITER=300 BLM_NSTART=5 N_CORES=8
Methods: LM, KM, OBS, CPF, BLM, CIRG
============================================================

Running case=16 R=20 Var.a=0.5
Saved: results_comparison/RI_case16_R20_vara0.5_lambda0_none.rds 

Running case=16 R=20 Var.a=2.25
Saved: results_comparison/RI_case16_R20_vara2.25_lambda0_none.rds 

Finished. Elapsed minutes: 10.66828 
Saved combined: results_comparison/RI_cases16_R20_vara0.50-2.25_grid_lambda0_none.rds 

   method mis_type rho  n convergence_rate MSPE_mean  MSPE_MCSE beta_MSE_mean beta_MSE_MCSE beta_SSE_mean beta_SSE_MCSE intercept_MSE_mean intercept_MSE_MCSE Var_a_hat_mean Var_a_hat_MCSE Var_b_hat_mean Var_b_hat_MCSE
1     BLM     none  NA 20                1  9.638788 0.05367511   0.004494313  0.0001692454     0.2247156   0.008462268         0.07609582        0.005425809    0.021946094    0.002748116             NA             NA
2    CIRG     none  NA 20                1  9.626109 0.05424483   0.004227493  0.0001996073     0.2113746   0.009980367         0.08309152        0.006376335    0.007196998    0.002838704             NA             NA
3     CPF     none  NA 20                1  9.632611 0.05346744   0.004496097  0.0001696875     0.2248048   0.008484375         0.07551927        0.005393352    0.012884208    0.002009944             NA             NA
4      KM     none  NA 20                1  9.625731 0.05435263   0.004330809  0.0001887583     0.2165404   0.009437916         0.07855966        0.005427924    0.002960758    0.001509605             NA             NA
5      LM     none  NA 20                1  9.628701 0.05414392   0.004500048  0.0001692438     0.2250024   0.008462190         0.07495460        0.004779039    0.000000000    0.000000000             NA             NA
6     OBS     none  NA 20                1  9.629717 0.05385840   0.004498236  0.0001693023     0.2249118   0.008465113         0.07498308        0.004781010    0.004763604    0.001119030             NA             NA
7     BLM     none  NA 20                1 11.594900 0.06617540   0.012282733  0.0002527577     0.6141367   0.012637887         0.29586421        0.011281404    0.022392105    0.002566664             NA             NA
8    CIRG     none  NA 20                1 11.544983 0.06606160   0.010084778  0.0004411294     0.5042389   0.022056470         0.36576016        0.017713532    0.034839030    0.007831648             NA             NA
9     CPF     none  NA 20                1 11.589299 0.06620785   0.012283730  0.0002521414     0.6141865   0.012607069         0.30182818        0.010959311    0.013414842    0.002164746             NA             NA
10     KM     none  NA 20                1 11.568825 0.06845771   0.011203465  0.0003340110     0.5601732   0.016700550         0.32192411        0.012271497    0.010288581    0.003306615             NA             NA
11     LM     none  NA 20                1 11.583312 0.06692286   0.012292455  0.0002533001     0.6146227   0.012665005         0.30228319        0.010257365    0.000000000    0.000000000             NA             NA
12    OBS     none  NA 20                1 11.584714 0.06666546   0.012289182  0.0002530355     0.6144591   0.012651773         0.30234347        0.010261536    0.005274059    0.001230600             NA             NA
   Var_e_hat_mean Var_e_hat_MCSE Var_a_MSE_mean Var_a_MSE_MCSE Var_b_MSE_mean Var_b_MSE_MCSE Var_e_MSE_mean Var_e_MSE_MCSE G_MSE_mean G_MSE_MCSE selected_K_mean selected_K_MCSE runtime_mean runtime_MCSE iterations_mean
1        9.090086     0.03537109      0.2286790    0.002603139             NA             NA     0.03188672    0.005051523         NA         NA            6.85       0.0819178      0.21220  0.023358938           16.95
2        9.103420     0.03590995      0.2430079    0.002724440             NA             NA     0.03519665    0.005627519         NA         NA            2.60       0.2554665     19.61440  1.157024931           24.40
3        9.095921     0.03546924      0.2373586    0.001942971             NA             NA     0.03310420    0.005258508         NA         NA           11.80       0.4013136      0.50155  0.057606034           39.00
4        9.105631     0.03568055      0.2470913    0.001477291             NA             NA     0.03534682    0.005582887         NA         NA            2.00       0.0000000     84.18910  7.372061406           22.30
5        9.106795     0.03565341      0.2500000    0.000000000             NA             NA     0.03555736    0.005627779         NA         NA            1.00       0.0000000      0.02320  0.001689908            1.00
6        9.102293     0.03537936      0.2452829    0.001099977             NA             NA     0.03424617    0.005498105         NA         NA           20.00       0.0000000      1.05080  0.105340416           77.30
7        9.724183     0.03993553      4.9623621    0.011423926             NA             NA     0.55474302    0.053849076         NA         NA            7.00       0.0000000      0.20675  0.020893826           18.25
8        9.725238     0.04052075      4.9081035    0.034383160             NA             NA     0.55716748    0.054726214         NA         NA            3.15       0.3266658     17.65920  0.737409665           14.05
9        9.730108     0.03994858      5.0024022    0.009656502             NA             NA     0.56338023    0.054275364         NA         NA           11.90       0.2039092      0.47105  0.065193779           40.25
10       9.737998     0.04029225      5.0165150    0.014744289             NA             NA     0.57548703    0.055104221         NA         NA            2.00       0.0000000     82.97380  6.932703375           19.90
11       9.742076     0.04027096      5.0625000    0.000000000             NA             NA     0.58148990    0.055483336         NA         NA            1.00       0.0000000      0.02175  0.001660493            1.00
12       9.737064     0.04000608      5.0388233    0.005514996             NA             NA     0.57367307    0.054856359         NA         NA           20.00       0.0000000      0.97630  0.100612155           79.10
   iterations_MCSE group_ARI_mean group_ARI_MCSE objective_mean objective_MCSE I_optimal_mean I_optimal_MCSE IMSPE_selected_mean IMSPE_selected_MCSE case R_setting Var_a_setting
1        1.3793114   2.799979e-05   0.0003216964             NA             NA             NA             NA                  NA                  NA   16        20          0.50
2        3.6680699   4.564821e-02   0.0021201636      -9.168106     0.03615740     0.06793734    0.001332987            9.168106          0.03615740   16        20          0.50
3        4.8590664  -1.741857e-04   0.0003764542             NA             NA             NA             NA                  NA                  NA   16        20          0.50
4        2.3170989   4.020951e-02   0.0006098959             NA             NA             NA             NA                  NA                  NA   16        20          0.50
5        0.0000000             NA             NA             NA             NA             NA             NA                  NA                  NA   16        20          0.50
6        5.2865768   9.522601e-05   0.0001164854             NA             NA             NA             NA                  NA                  NA   16        20          0.50
7        1.5574524   2.371840e-04   0.0002739104             NA             NA             NA             NA                  NA                  NA   16        20          2.25
8        0.9637509   4.923397e-02   0.0023507503      -9.795692     0.04086468     0.08227208    0.002577741            9.795692          0.04086468   16        20          2.25
9        5.6864914   1.694449e-04   0.0003497994             NA             NA             NA             NA                  NA                  NA   16        20          2.25
10       2.3225440   4.020951e-02   0.0006098959             NA             NA             NA             NA                  NA                  NA   16        20          2.25
11       0.0000000             NA             NA             NA             NA             NA             NA                  NA                  NA   16        20          2.25
12       5.7924179   9.522601e-05   0.0001164854             NA             NA             NA             NA                  NA                  NA   16        20          2.25
