Host: erc-hpc-comp010
MODEL=RI CASE=6 R_LIST=10 VAR_A_LIST=0.5,2.25
LABEL_POLICY=unknown MIS_TYPE=none RHO=0 LAMBDA=0 CIRG_CRITERION=IMSPE
NLOOP=20 SA_MAX=25 EM_MAX=300 K_GRID_POINTS=8 N_CORES=8
============================================================
Method comparison
MODEL=RI cases=6 label_policy=unknown misspec=none rho=0
N=2500 p=50 R=10 Var.a=0.5,2.25
nloop=20 tau=255 lambda=0 CIRG_CRITERION=IMSPE
Budgets: SA_MAX=25 EM_MAX=300 K_GRID_POINTS=8 KMEANS_NUM_INIT=1 KMEANS_MAX_ITERS=25 CPF_LAMBDA_POINTS=6 CPF_MAX_ITER=300 BLM_NSTART=5 N_CORES=8
Methods: LM, KM, OBS, CPF, BLM, CIRG
============================================================

Running case=6 R=10 Var.a=0.5
Saved: results_comparison/RI_case6_R10_vara0.5_lambda0_none.rds 

Running case=6 R=10 Var.a=2.25
Saved: results_comparison/RI_case6_R10_vara2.25_lambda0_none.rds 

Finished. Elapsed minutes: 8.0828 
Saved combined: results_comparison/RI_cases6_R10_vara0.50-2.25_grid_lambda0_none.rds 

   method mis_type rho  n convergence_rate MSPE_mean  MSPE_MCSE beta_MSE_mean beta_MSE_MCSE beta_SSE_mean beta_SSE_MCSE intercept_MSE_mean intercept_MSE_MCSE Var_a_hat_mean Var_a_hat_MCSE Var_b_hat_mean Var_b_hat_MCSE
1     BLM     none  NA 20                1  9.398098 0.08249903   0.004707920  0.0001902858     0.2353960   0.009514288          0.3701706         0.08653854   0.0044832967   1.270157e-03             NA             NA
2    CIRG     none  NA 20                1  9.395235 0.08256705   0.004679429  0.0001742179     0.2339715   0.008710897          0.3749037         0.08393164   0.0015353181   8.926127e-04             NA             NA
3     CPF     none  NA 20                1  9.397263 0.08255580   0.004706857  0.0001901943     0.2353429   0.009509714          0.3760567         0.08729940   0.0036672189   1.183568e-03             NA             NA
4      KM     none  NA 20                1  9.395970 0.08256439   0.004700142  0.0001896845     0.2350071   0.009484224          0.3723943         0.08632461   0.0001191264   5.047432e-06             NA             NA
5      LM     none  NA 20                1  9.395945 0.08257039   0.004698897  0.0001897707     0.2349448   0.009488535          0.3719400         0.08616201   0.0000000000   0.000000e+00             NA             NA
6     OBS     none  NA 20                1  9.396528 0.08259712   0.004704037  0.0001896864     0.2352018   0.009484322          0.3715274         0.08629184   0.0022072278   7.149059e-04             NA             NA
7     BLM     none  NA 20                1 10.841972 0.22548368   0.005447647  0.0002312589     0.2723823   0.011562945          0.6347825         0.15752370   0.0046828941   1.274198e-03             NA             NA
8    CIRG     none  NA 20                1 10.838786 0.22534411   0.005427800  0.0002220411     0.2713900   0.011102056          0.6342496         0.15103350   0.0013646125   8.237661e-04             NA             NA
9     CPF     none  NA 20                1 10.841197 0.22553201   0.005445345  0.0002311198     0.2722673   0.011555991          0.6338618         0.15617631   0.0033923624   1.057946e-03             NA             NA
10     KM     none  NA 20                1 10.839592 0.22548316   0.005439874  0.0002306600     0.2719937   0.011533001          0.6332081         0.15504864   0.0001306728   5.299242e-06             NA             NA
11     LM     none  NA 20                1 10.839556 0.22548676   0.005438506  0.0002307407     0.2719253   0.011537035          0.6322187         0.15501203   0.0000000000   0.000000e+00             NA             NA
12    OBS     none  NA 20                1 10.840116 0.22552765   0.005442571  0.0002308156     0.2721286   0.011540778          0.6316323         0.15526945   0.0021938757   6.848446e-04             NA             NA
   Var_e_hat_mean Var_e_hat_MCSE Var_a_MSE_mean Var_a_MSE_MCSE Var_b_MSE_mean Var_b_MSE_MCSE Var_e_MSE_mean Var_e_MSE_MCSE G_MSE_mean G_MSE_MCSE selected_K_mean selected_K_MCSE runtime_mean runtime_MCSE iterations_mean
1        9.312287     0.04770877      0.2455675   1.248059e-03             NA             NA      0.1407699     0.03768473         NA         NA            5.90      0.06882472      0.25525 0.0179698395           35.65
2        9.315162     0.04766847      0.2484822   8.806726e-04             NA             NA      0.1425002     0.03770612         NA         NA            2.80      0.27720409     17.02990 1.0368472402           47.00
3        9.313117     0.04767459      0.2463728   1.162367e-03             NA             NA      0.1412266     0.03769437         NA         NA            7.30      0.28191077      0.34035 0.0213732832           41.75
4        9.316149     0.04766420      0.2498809   5.046233e-06             NA             NA      0.1431159     0.03774401         NA         NA            2.00      0.00000000     61.36520 3.5880240880           35.65
5        9.316081     0.04766296      0.2500000   0.000000e+00             NA             NA      0.1430707     0.03773581         NA         NA            1.00      0.00000000      0.01195 0.0001141329            1.00
6        9.314207     0.04769338      0.2478074   7.071892e-04             NA             NA      0.1419443     0.03773795         NA         NA           10.00      0.00000000      0.33545 0.0186730139           49.55
7       10.727003     0.19505461      5.0414798   5.714722e-03             NA             NA      3.7054198     0.89031621         NA         NA            5.85      0.08191780      0.27605 0.0213311577           39.55
8       10.730118     0.19492001      5.0563740   3.696363e-03             NA             NA      3.7151921     0.89010223         NA         NA            2.80      0.27720409     17.22960 1.0740055655           48.85
9       10.728092     0.19502066      5.0472671   4.745590e-03             NA             NA      3.7089286     0.89034552         NA         NA            7.50      0.21151086      0.36155 0.0216416357           45.70
10      10.730999     0.19505126      5.0619120   2.384523e-05             NA             NA      3.7192121     0.89084500         NA         NA            2.00      0.00000000     61.29790 3.5819747934           36.65
11      10.730924     0.19504972      5.0625000   0.000000e+00             NA             NA      3.7189401     0.89080632         NA         NA            1.00      0.00000000      0.01155 0.0001352386            1.00
12      10.729091     0.19503010      5.0526413   3.074593e-03             NA             NA      3.7124551     0.89051359         NA         NA           10.00      0.00000000      0.36190 0.0201468164           53.80
   iterations_MCSE group_ARI_mean group_ARI_MCSE objective_mean objective_MCSE I_optimal_mean I_optimal_MCSE IMSPE_selected_mean IMSPE_selected_MCSE case R_setting Var_a_setting
1         2.694317  -1.677524e-05   0.0002927737             NA             NA             NA             NA                  NA                  NA    6        10          0.50
2         7.667429  -1.564679e-04   0.0001385672      -9.379362     0.04800933     0.06449607   0.0004478023            9.379362          0.04800933    6        10          0.50
3         3.292635  -2.860230e-04   0.0002808133             NA             NA             NA             NA                  NA                  NA    6        10          0.50
4         5.005405  -2.499007e-04   0.0001659526             NA             NA             NA             NA                  NA                  NA    6        10          0.50
5         0.000000             NA             NA             NA             NA             NA             NA                  NA                  NA    6        10          0.50
6         2.933002  -2.519361e-04   0.0001109870             NA             NA             NA             NA                  NA                  NA    6        10          0.50
7         3.346227  -1.675382e-04   0.0002450963             NA             NA             NA             NA                  NA                  NA    6        10          2.25
8         7.133787  -1.564679e-04   0.0001385672     -10.803998     0.19628377     0.07414926   0.0014288781           10.803998          0.19628377    6        10          2.25
9         3.443606   1.383779e-04   0.0002849510             NA             NA             NA             NA                  NA                  NA    6        10          2.25
10        4.903423  -2.499007e-04   0.0001659526             NA             NA             NA             NA                  NA                  NA    6        10          2.25
11        0.000000             NA             NA             NA             NA             NA             NA                  NA                  NA    6        10          2.25
12        3.156947  -2.519361e-04   0.0001109870             NA             NA             NA             NA                  NA                  NA    6        10          2.25
