Host: erc-hpc-comp010
MODEL=RI CASE=1 R_LIST=50 VAR_A_LIST=0.5,2.25
LABEL_POLICY=unknown MIS_TYPE=none RHO=0 LAMBDA=0 CIRG_CRITERION=IMSPE
NLOOP=20 SA_MAX=25 EM_MAX=300 K_GRID_POINTS=8 N_CORES=8
============================================================
Method comparison
MODEL=RI cases=1 label_policy=unknown misspec=none rho=0
N=2500 p=50 R=50 Var.a=0.5,2.25
nloop=20 tau=255 lambda=0 CIRG_CRITERION=IMSPE
Budgets: SA_MAX=25 EM_MAX=300 K_GRID_POINTS=8 KMEANS_NUM_INIT=1 KMEANS_MAX_ITERS=25 CPF_LAMBDA_POINTS=6 CPF_MAX_ITER=300 BLM_NSTART=5 N_CORES=8
Methods: LM, KM, OBS, CPF, BLM, CIRG
============================================================

Running case=1 R=50 Var.a=0.5
Saved: results_comparison/RI_case1_R50_vara0.5_lambda0_none.rds 

Running case=1 R=50 Var.a=2.25
Saved: results_comparison/RI_case1_R50_vara2.25_lambda0_none.rds 

Finished. Elapsed minutes: 4.299633 
Saved combined: results_comparison/RI_cases1_R50_vara0.50-2.25_grid_lambda0_none.rds 

   method mis_type rho  n convergence_rate MSPE_mean  MSPE_MCSE beta_MSE_mean beta_MSE_MCSE beta_SSE_mean beta_SSE_MCSE intercept_MSE_mean intercept_MSE_MCSE Var_a_hat_mean Var_a_hat_MCSE Var_b_hat_mean Var_b_hat_MCSE
1     BLM     none  NA 20                1  9.482720 0.04911595   0.003724801  0.0001734868     0.1862400   0.008674340         0.01654171        0.004980387   0.0640463157   4.598027e-03             NA             NA
2    CIRG     none  NA 20                1  9.441828 0.04956227   0.003711648  0.0001711504     0.1855824   0.008557518         0.01537716        0.004942978   0.0005217837   2.839590e-04             NA             NA
3     CPF     none  NA 20                1  9.456524 0.04971038   0.003723057  0.0001735300     0.1861529   0.008676499         0.05909749        0.021001275   0.1193974455   1.160081e-02             NA             NA
4      KM     none  NA 20                1  9.441799 0.04954512   0.003712147  0.0001714556     0.1856073   0.008572778         0.01533551        0.004932402   0.0001462151   1.460511e-06             NA             NA
5      LM     none  NA 20                1  9.441779 0.04954759   0.003710574  0.0001714833     0.1855287   0.008574163         0.01534067        0.004931916   0.0000000000   0.000000e+00             NA             NA
6     OBS     none  NA 20                1  9.442274 0.04941298   0.003711954  0.0001715374     0.1855977   0.008576872         0.01534271        0.004931763   0.0070755221   1.658762e-03             NA             NA
7     BLM     none  NA 20                1 11.044609 0.10663599   0.004206571  0.0001862860     0.2103286   0.009314302         0.07292241        0.023995609   0.0774657254   5.076059e-03             NA             NA
8    CIRG     none  NA 20                1 10.999247 0.10502719   0.004192688  0.0001848543     0.2096344   0.009242715         0.06814241        0.023268861   0.0004427753   1.724074e-04             NA             NA
9     CPF     none  NA 20                1 11.016703 0.10652316   0.004204076  0.0001864578     0.2102038   0.009322888         0.15753773        0.053071973   0.1427231410   1.282477e-02             NA             NA
10     KM     none  NA 20                1 10.999196 0.10501825   0.004193383  0.0001853562     0.2096692   0.009267809         0.06807151        0.023254825   0.0001619133   1.914193e-06             NA             NA
11     LM     none  NA 20                1 10.999169 0.10502331   0.004192064  0.0001853997     0.2096032   0.009269985         0.06808279        0.023254141   0.0000000000   0.000000e+00             NA             NA
12    OBS     none  NA 20                1 10.999847 0.10500628   0.004193353  0.0001852585     0.2096676   0.009262925         0.06808650        0.023253365   0.0077515660   1.674961e-03             NA             NA
   Var_e_hat_mean Var_e_hat_MCSE Var_a_MSE_mean Var_a_MSE_MCSE Var_b_MSE_mean Var_b_MSE_MCSE Var_e_MSE_mean Var_e_MSE_MCSE G_MSE_mean G_MSE_MCSE selected_K_mean selected_K_MCSE runtime_mean runtime_MCSE iterations_mean
1        9.302316     0.02935013      0.1904573   3.988986e-03             NA             NA      0.1077619     0.01983961         NA         NA            9.90      0.06882472      0.10250 0.0036015348           11.50
2        9.350841     0.03053697      0.2494800   2.822727e-04             NA             NA      0.1408070     0.02354443         NA         NA            2.95      0.36616792     15.82865 1.0589081573           35.60
3        9.329190     0.03027808      0.1474153   8.370812e-03             NA             NA      0.1257848     0.02221987         NA         NA            4.30      0.34105101      0.34920 0.0162800491           14.45
4        9.351178     0.03055368      0.2498538   1.460078e-06             NA             NA      0.1410632     0.02354923         NA         NA            2.00      0.00000000     24.44685 0.8826304087           24.35
5        9.351094     0.03054938      0.2500000   0.000000e+00             NA             NA      0.1409993     0.02354141         NA         NA            1.00      0.00000000      0.01200 0.0002051957            1.00
6        9.344442     0.03027077      0.2430268   1.619209e-03             NA             NA      0.1360506     0.02291178         NA         NA           50.00      0.00000000      0.97755 0.0624823965          141.85
7       10.834123     0.10488501      4.7203947   2.206727e-02             NA             NA      3.5730229     0.40460434         NA         NA            9.85      0.10942433      0.10280 0.0032916161           11.60
8       10.890608     0.10655700      5.0605083   7.752221e-04             NA             NA      3.7901329     0.42264709         NA         NA            3.00      0.43528575     16.01095 1.1011505454           37.80
9       10.865789     0.10582892      4.4437408   5.389980e-02             NA             NA      3.6939630     0.41448841         NA         NA            4.45      0.31182823      0.33465 0.0058576423           13.05
10      10.890879     0.10654881      5.0617714   8.613239e-06             NA             NA      3.7911254     0.42265342         NA         NA            2.00      0.00000000     24.54005 0.8871222828           25.25
11      10.890785     0.10654604      5.0625000   0.000000e+00             NA             NA      3.7907567     0.42262073         NA         NA            1.00      0.00000000      0.01190 0.0001235442            1.00
12      10.883476     0.10624983      5.0277313   7.497732e-03             NA             NA      3.7619740     0.42016215         NA         NA           50.00      0.00000000      1.02660 0.0621910215          153.35
   iterations_MCSE group_ARI_mean group_ARI_MCSE objective_mean objective_MCSE I_optimal_mean I_optimal_MCSE IMSPE_selected_mean IMSPE_selected_MCSE case R_setting Var_a_setting
1        0.5000000   4.464967e-05   1.252111e-04             NA             NA             NA             NA                  NA                  NA    1        50          0.50
2        4.5942756  -1.510870e-05   4.214577e-05      -9.415066     0.03076053     0.06432085   0.0002516972            9.415066          0.03076053    1        50          0.50
3        2.1902595   6.793143e-05   6.331629e-05             NA             NA             NA             NA                  NA                  NA    1        50          0.50
4        1.7506014  -3.228687e-05   3.994225e-05             NA             NA             NA             NA                  NA                  NA    1        50          0.50
5        0.0000000             NA             NA             NA             NA             NA             NA                  NA                  NA    1        50          0.50
6        9.2173392  -1.043958e-04   1.635189e-04             NA             NA             NA             NA                  NA                  NA    1        50          0.50
7        0.4611199   1.267607e-04   1.374226e-04             NA             NA             NA             NA                  NA                  NA    1        50          2.25
8        5.5911584   3.589713e-05   5.227592e-05     -10.965372     0.10729609     0.07484828   0.0007381405           10.965372          0.10729609    1        50          2.25
9        0.7962907   3.959965e-05   6.722487e-05             NA             NA             NA             NA                  NA                  NA    1        50          2.25
10       1.6381553  -3.228687e-05   3.994225e-05             NA             NA             NA             NA                  NA                  NA    1        50          2.25
11       0.0000000             NA             NA             NA             NA             NA             NA                  NA                  NA    1        50          2.25
12       9.6524540  -1.043958e-04   1.635189e-04             NA             NA             NA             NA                  NA                  NA    1        50          2.25
