Host: erc-hpc-comp002
MODEL=RI CASE=9 R_LIST=20 VAR_A_LIST=0.5,2.25
LABEL_POLICY=unknown MIS_TYPE=none RHO=0 LAMBDA=0 CIRG_CRITERION=IMSPE
NLOOP=20 SA_MAX=25 EM_MAX=300 K_GRID_POINTS=8 N_CORES=8
============================================================
Method comparison
MODEL=RI cases=9 label_policy=unknown misspec=none rho=0
N=2500 p=50 R=20 Var.a=0.5,2.25
nloop=20 tau=255 lambda=0 CIRG_CRITERION=IMSPE
Budgets: SA_MAX=25 EM_MAX=300 K_GRID_POINTS=8 KMEANS_NUM_INIT=1 KMEANS_MAX_ITERS=25 CPF_LAMBDA_POINTS=6 CPF_MAX_ITER=300 BLM_NSTART=5 N_CORES=8
Methods: LM, KM, OBS, CPF, BLM, CIRG
============================================================

Running case=9 R=20 Var.a=0.5
Saved: results_comparison/RI_case9_R20_vara0.5_lambda0_none.rds 

Running case=9 R=20 Var.a=2.25
Saved: results_comparison/RI_case9_R20_vara2.25_lambda0_none.rds 

Finished. Elapsed minutes: 7.887867 
Saved combined: results_comparison/RI_cases9_R20_vara0.50-2.25_grid_lambda0_none.rds 

   method mis_type rho  n convergence_rate MSPE_mean  MSPE_MCSE beta_MSE_mean beta_MSE_MCSE beta_SSE_mean beta_SSE_MCSE intercept_MSE_mean intercept_MSE_MCSE Var_a_hat_mean Var_a_hat_MCSE Var_b_hat_mean Var_b_hat_MCSE
1     BLM     none  NA 20                1  9.504024 0.07492121   0.001182748  4.652877e-05    0.05913741   0.002326438         0.03391289        0.009353871   0.0176301751   2.178745e-03             NA             NA
2    CIRG     none  NA 20                1  9.486544 0.07426381   0.001190774  4.439120e-05    0.05953872   0.002219560         0.03283156        0.008538335   0.0016476200   8.320122e-04             NA             NA
3     CPF     none  NA 20                1  9.497251 0.07469346   0.001182324  4.632544e-05    0.05911621   0.002316272         0.03306704        0.008977662   0.0108791449   1.960475e-03             NA             NA
4      KM     none  NA 20                1  9.486428 0.07421495   0.001186756  4.488756e-05    0.05933781   0.002244378         0.03290921        0.008553276   0.0005577057   3.972821e-04             NA             NA
5      LM     none  NA 20                1  9.486470 0.07423043   0.001182025  4.638261e-05    0.05910126   0.002319131         0.03286920        0.008549522   0.0000000000   0.000000e+00             NA             NA
6     OBS     none  NA 20                1  9.489411 0.07421043   0.001181956  4.637091e-05    0.05909782   0.002318546         0.03287615        0.008554967   0.0039639748   1.359687e-03             NA             NA
7     BLM     none  NA 20                1 11.107970 0.18568812   0.001385384  5.139031e-05    0.06926921   0.002569516         0.15052409        0.038175253   0.0214367365   2.563475e-03             NA             NA
8    CIRG     none  NA 20                1 11.086312 0.18456222   0.001390912  5.076571e-05    0.06954559   0.002538286         0.14607265        0.037652703   0.0015068462   8.906166e-04             NA             NA
9     CPF     none  NA 20                1 11.099942 0.18539674   0.001385997  5.125508e-05    0.06929984   0.002562754         0.14709526        0.039030725   0.0138742709   2.222236e-03             NA             NA
10     KM     none  NA 20                1 11.086126 0.18458491   0.001387532  5.159180e-05    0.06937660   0.002579590         0.14626747        0.037659810   0.0001800464   6.640445e-06             NA             NA
11     LM     none  NA 20                1 11.086109 0.18458367   0.001386973  5.145378e-05    0.06934864   0.002572689         0.14624752        0.037653174   0.0000000000   0.000000e+00             NA             NA
12    OBS     none  NA 20                1 11.089230 0.18466108   0.001386456  5.142828e-05    0.06932281   0.002571414         0.14626140        0.037664432   0.0047735269   1.438345e-03             NA             NA
   Var_e_hat_mean Var_e_hat_MCSE Var_a_MSE_mean Var_a_MSE_MCSE Var_b_MSE_mean Var_b_MSE_MCSE Var_e_MSE_mean Var_e_MSE_MCSE G_MSE_mean G_MSE_MCSE selected_K_mean selected_K_MCSE runtime_mean runtime_MCSE iterations_mean
1        9.367773     0.04329830      0.2327708   2.090594e-03             NA             NA      0.1708773     0.03355874         NA         NA            7.00       0.0000000      0.15460 0.0145583038           20.60
2        9.381892     0.04338502      0.2483682   8.206860e-04             NA             NA      0.1816045     0.03474745         NA         NA            3.10       0.3471690     16.22985 1.2157838435           31.90
3        9.372755     0.04340106      0.2393122   1.902537e-03             NA             NA      0.1747359     0.03411638         NA         NA           11.70       0.3776660      0.37010 0.0401156158           44.40
4        9.382728     0.04340748      0.2494456   3.939983e-04             NA             NA      0.1822806     0.03478287         NA         NA            2.00       0.0000000     55.53430 4.8955662154           19.25
5        9.382824     0.04337451      0.2500000   0.000000e+00             NA             NA      0.1823001     0.03475362         NA         NA            1.00       0.0000000      0.01700 0.0012204400            1.00
6        9.379188     0.04342078      0.2460869   1.322873e-03             NA             NA      0.1796057     0.03466582         NA         NA           20.00       0.0000000      0.65205 0.0561245549           83.10
7       10.960457     0.16567978      4.9666191   1.142007e-02             NA             NA      4.3649394     0.74367860         NA         NA            7.00       0.0000000      0.17595 0.0274664844           21.95
8       10.978095     0.16601470      5.0557365   3.992104e-03             NA             NA      4.4365161     0.75168491         NA         NA            3.15       0.3423987     16.42865 1.2382234393           35.00
9       10.966244     0.16572103      5.0003521   9.916141e-03             NA             NA      4.3879205     0.74546022         NA         NA           11.40       0.3583588      0.36600 0.0495070968           40.65
10      10.979110     0.16601647      5.0616898   2.987907e-05             NA             NA      4.4405446     0.75172572         NA         NA            2.00       0.0000000     55.20395 4.5436734359           21.75
11      10.978994     0.16601090      5.0625000   0.000000e+00             NA             NA      4.4400510     0.75165868         NA         NA            1.00       0.0000000      0.01380 0.0001376494            1.00
12      10.974544     0.16606437      5.0410812   6.432534e-03             NA             NA      4.4227951     0.75084163         NA         NA           20.00       0.0000000      0.66640 0.0577733503           89.15
   iterations_MCSE group_ARI_mean group_ARI_MCSE objective_mean objective_MCSE I_optimal_mean I_optimal_MCSE IMSPE_selected_mean IMSPE_selected_MCSE case R_setting Var_a_setting
1        2.3613110  -1.098082e-04   1.951897e-04             NA             NA             NA             NA                  NA                  NA    9        20          0.50
2        4.7522294  -1.949265e-05   1.003819e-04      -9.509223     0.04412831      0.1279364   0.0009149019            9.509223          0.04412831    9        20          0.50
3        6.2156001   1.296792e-04   2.464296e-04             NA             NA             NA             NA                  NA                  NA    9        20          0.50
4        0.9287088  -8.007734e-05   6.306999e-05             NA             NA             NA             NA                  NA                  NA    9        20          0.50
5        0.0000000             NA             NA             NA             NA             NA             NA                  NA                  NA    9        20          0.50
6        4.7361432  -3.373013e-05   1.038553e-04             NA             NA             NA             NA                  NA                  NA    9        20          0.50
7        4.1482241   1.033071e-04   2.001372e-04             NA             NA             NA             NA                  NA                  NA    9        20          2.25
8        4.9375042  -1.579518e-05   1.000639e-04     -11.127078     0.16843427      0.1494552   0.0024956393           11.127078          0.16843427    9        20          2.25
9        5.5285265   2.684468e-04   2.075859e-04             NA             NA             NA             NA                  NA                  NA    9        20          2.25
10       1.8178573  -8.007734e-05   6.306999e-05             NA             NA             NA             NA                  NA                  NA    9        20          2.25
11       0.0000000             NA             NA             NA             NA             NA             NA                  NA                  NA    9        20          2.25
12       5.8414467  -3.373013e-05   1.038553e-04             NA             NA             NA             NA                  NA                  NA    9        20          2.25
