Host: erc-hpc-comp028
MODEL=RS CASE=5 R_LIST=10 VAR_A_LIST=0.5,2.25
LABEL_POLICY=unknown MIS_TYPE=none RHO=0 LAMBDA=0 CIRG_CRITERION=IMSPE
NLOOP=20 SA_MAX=25 EM_MAX=300 K_GRID_POINTS=8 N_CORES=8
============================================================
Method comparison
MODEL=RS cases=5 label_policy=unknown misspec=none rho=0
N=2500 p=50 R=10 Var.a=0.5,2.25
nloop=20 tau=255 lambda=0 CIRG_CRITERION=IMSPE
Budgets: SA_MAX=25 EM_MAX=300 K_GRID_POINTS=8 KMEANS_NUM_INIT=1 KMEANS_MAX_ITERS=25 CPF_LAMBDA_POINTS=6 CPF_MAX_ITER=300 BLM_NSTART=5 N_CORES=8
Methods: LM, KM, OBS, CPF, BLM, CIRG
============================================================

Running case=5 R=10 Var.a=0.5
Saved: results_comparison/RS_case5_R10_vara0.5_varb0.1_lambda0_none.rds 

Running case=5 R=10 Var.a=2.25
Saved: results_comparison/RS_case5_R10_vara2.25_varb0.1_lambda0_none.rds 

Finished. Elapsed minutes: 11.62602 
Saved combined: results_comparison/RS_cases5_R10_vara0.50-2.25_varb0.1_grid_lambda0_none.rds 

   method mis_type rho  n convergence_rate MSPE_mean MSPE_MCSE beta_MSE_mean beta_MSE_MCSE beta_SSE_mean beta_SSE_MCSE intercept_MSE_mean intercept_MSE_MCSE Var_a_hat_mean Var_a_hat_MCSE Var_b_hat_mean Var_b_hat_MCSE
1     BLM     none  NA 20                1  14.77923 0.1420820    0.01484762  0.0007187849     0.7423808    0.03593925         0.06055350         0.01887815   7.514921e-05   4.485154e-07   6.009739e-05   3.553070e-07
2    CIRG     none  NA 20                1  14.78004 0.1418482    0.01485996  0.0007208009     0.7429979    0.03604005         0.06083783         0.01892985   3.615713e-04   8.180713e-05   3.338479e-04   5.375121e-05
3     CPF     none  NA 20                1  14.78388 0.1422682    0.01484994  0.0007183996     0.7424970    0.03591998         0.06030087         0.01899591   6.342727e-03   1.777318e-03   6.235529e-04   2.186413e-05
4      KM     none  NA 20                1  14.78021 0.1418132    0.01485942  0.0007173747     0.7429709    0.03586873         0.06128265         0.01901833   1.009108e-03   8.071231e-04   1.834053e-04   1.096876e-05
5      LM     none  NA 20                1  14.77923 0.1420820    0.01484762  0.0007187849     0.7423808    0.03593925         0.06055350         0.01887815   0.000000e+00   0.000000e+00             NA             NA
6     OBS     none  NA 20                1  14.78275 0.1423525    0.01484549  0.0007193402     0.7422743    0.03596701         0.06058358         0.01889324   4.737111e-03   1.421191e-03   7.614300e-04   3.082500e-05
7     BLM     none  NA 20                1  16.27285 0.2569471    0.01492989  0.0007194385     0.7464943    0.03597193         0.25451685         0.08017238   8.248883e-05   1.144080e-06   6.596588e-05   9.088072e-07
8    CIRG     none  NA 20                1  16.27374 0.2565666    0.01496353  0.0007297105     0.7481763    0.03648552         0.25456493         0.08028628   9.447261e-04   5.068353e-04   3.761920e-04   5.523830e-05
9     CPF     none  NA 20                1  16.28019 0.2573122    0.01493203  0.0007203057     0.7466017    0.03601529         0.25153489         0.07985502   7.774004e-03   1.765022e-03   6.517034e-04   2.600745e-05
10     KM     none  NA 20                1  16.27407 0.2564950    0.01495942  0.0007266268     0.7479711    0.03633134         0.25532588         0.08047191   1.236047e-03   7.249555e-04   2.054461e-04   1.097999e-05
11     LM     none  NA 20                1  16.27285 0.2569471    0.01492989  0.0007194385     0.7464943    0.03597193         0.25451685         0.08017238   0.000000e+00   0.000000e+00             NA             NA
12    OBS     none  NA 20                1  16.27700 0.2572628    0.01492827  0.0007205563     0.7464136    0.03602781         0.25451905         0.08018784   5.054556e-03   1.427665e-03   8.382729e-04   3.675593e-05
   Var_e_hat_mean Var_e_hat_MCSE Var_a_MSE_mean Var_a_MSE_MCSE Var_b_MSE_mean Var_b_MSE_MCSE Var_e_MSE_mean Var_e_MSE_MCSE   G_MSE_mean   G_MSE_MCSE selected_K_mean selected_K_MCSE runtime_mean runtime_MCSE
1        14.62989     0.08740393      0.2499249   4.484477e-07    0.009987984   7.101856e-08       31.84079      0.9934318 0.0002880908 1.536752e-09            1.00       0.0000000      0.34695  0.014757242
2        14.61539     0.08821075      0.2496387   8.169510e-05    0.009933397   1.069115e-05       31.68044      1.0008895 0.0002869314 2.279992e-07            3.60       0.5301440     37.45170  6.587539737
3        14.59183     0.08668824      0.2437575   1.724864e-03    0.009875687   4.346012e-06       31.41138      0.9801394 0.0002835609 6.860669e-07            8.40       0.1973509      1.76335  0.093706015
4        14.62588     0.08734216      0.2490043   7.937944e-04    0.009963355   2.190625e-06       31.79551      0.9920239 0.0002872634 2.944593e-07            2.00       0.0000000     73.79300  4.985850613
5        14.62606     0.08738104      0.2500000   0.000000e+00             NA             NA       31.79760      0.9925000           NA           NA            1.00       0.0000000      0.01560  0.001900692
6        14.58324     0.08719744      0.2453237   1.389258e-03    0.009848312   6.115615e-06       31.31705      0.9845760 0.0002836368 5.201766e-07           10.00       0.0000000      2.96625  0.200869031
7        16.05876     0.22282610      5.0621288   5.148167e-06    0.009986811   1.816377e-07       50.76952      3.3915874 0.0021382043 5.469670e-09            1.00       0.0000000      0.34065  0.014462160
8        16.04238     0.22369860      5.0582545   2.275633e-03    0.009924961   1.098052e-05       50.54597      3.3990869 0.0021355258 8.884506e-07            3.65       0.5245299     36.09700  6.454787707
9        16.01852     0.22228844      5.0276366   7.890024e-03    0.009870097   5.164316e-06       50.19852      3.3694690 0.0021226995 3.067189e-06            7.90       0.1762176      1.54120  0.086579857
10       16.05424     0.22275481      5.0569493   3.254377e-03    0.009958955   2.191670e-06       50.70505      3.3885128 0.0021356775 1.225633e-06            2.00       0.0000000     73.58475  4.572805776
11       16.05456     0.22276775      5.0625000   0.000000e+00             NA             NA       50.70969      3.3887656           NA           NA            1.00       0.0000000      0.01535  0.001069370
12       16.00756     0.22241215      5.0398188   6.391294e-03    0.009833074   7.285787e-06       50.04571      3.3642911 0.0021266715 2.438047e-06           10.00       0.0000000      2.22110  0.108650209
   iterations_mean iterations_MCSE group_ARI_mean group_ARI_MCSE objective_mean objective_MCSE I_optimal_mean I_optimal_MCSE IMSPE_selected_mean IMSPE_selected_MCSE case R_setting Var_a_setting
1            26.00        0.000000   0.000000e+00   0.0000000000             NA             NA             NA             NA                  NA                  NA    5        10          0.50
2            66.50       10.840591  -2.351375e-04   0.0001268081      -14.72965     0.08817921      0.1066093   0.0007316659            14.72965          0.08817921    5        10          0.50
3           124.00        5.338046  -2.471025e-04   0.0002131921             NA             NA             NA             NA                  NA                  NA    5        10          0.50
4            39.15        7.183415  -9.456341e-05   0.0001515971             NA             NA             NA             NA                  NA                  NA    5        10          0.50
5             1.00        0.000000             NA             NA             NA             NA             NA             NA                  NA                  NA    5        10          0.50
6           150.00        4.343174  -2.519361e-04   0.0001109870             NA             NA             NA             NA                  NA                  NA    5        10          0.50
7            26.00        0.000000   0.000000e+00   0.0000000000             NA             NA             NA             NA                  NA                  NA    5        10          2.25
8            59.90        9.108094  -2.831852e-04   0.0001220655      -16.16825     0.22456397      0.1175588   0.0015294275            16.16825          0.22456397    5        10          2.25
9           116.00        5.379787  -3.612266e-04   0.0002571204             NA             NA             NA             NA                  NA                  NA    5        10          2.25
10           33.20        1.892645  -9.456341e-05   0.0001515971             NA             NA             NA             NA                  NA                  NA    5        10          2.25
11            1.00        0.000000             NA             NA             NA             NA             NA             NA                  NA                  NA    5        10          2.25
12          149.85        4.386147  -2.519361e-04   0.0001109870             NA             NA             NA             NA                  NA                  NA    5        10          2.25
