Host: erc-hpc-comp028
MODEL=RS CASE=6 R_LIST=10 VAR_A_LIST=0.5,2.25
LABEL_POLICY=unknown MIS_TYPE=none RHO=0 LAMBDA=0 CIRG_CRITERION=IMSPE
NLOOP=20 SA_MAX=25 EM_MAX=300 K_GRID_POINTS=8 N_CORES=8
============================================================
Method comparison
MODEL=RS cases=6 label_policy=unknown misspec=none rho=0
N=2500 p=50 R=10 Var.a=0.5,2.25
nloop=20 tau=255 lambda=0 CIRG_CRITERION=IMSPE
Budgets: SA_MAX=25 EM_MAX=300 K_GRID_POINTS=8 KMEANS_NUM_INIT=1 KMEANS_MAX_ITERS=25 CPF_LAMBDA_POINTS=6 CPF_MAX_ITER=300 BLM_NSTART=5 N_CORES=8
Methods: LM, KM, OBS, CPF, BLM, CIRG
============================================================

Running case=6 R=10 Var.a=0.5
Saved: results_comparison/RS_case6_R10_vara0.5_varb0.1_lambda0_none.rds 

Running case=6 R=10 Var.a=2.25
Saved: results_comparison/RS_case6_R10_vara2.25_varb0.1_lambda0_none.rds 

Finished. Elapsed minutes: 19.0477 
Saved combined: results_comparison/RS_cases6_R10_vara0.50-2.25_varb0.1_grid_lambda0_none.rds 

   method mis_type rho  n convergence_rate MSPE_mean MSPE_MCSE beta_MSE_mean beta_MSE_MCSE beta_SSE_mean beta_SSE_MCSE intercept_MSE_mean intercept_MSE_MCSE Var_a_hat_mean Var_a_hat_MCSE Var_b_hat_mean Var_b_hat_MCSE
1     BLM     none  NA 20             1.00  16.21067 0.7105191    0.02153822   0.001197190      1.076911    0.05985950          0.7077261          0.1721499   0.0002643615   3.837297e-06   8.615527e-05   2.023598e-06
2    CIRG     none  NA 20             0.30  16.21182 0.7106562    0.02161369   0.001186778      1.080684    0.05933888          0.8079557          0.1895747   0.0002633163   8.167279e-05   9.200701e-05   1.655415e-05
3     CPF     none  NA 20             1.00  16.22502 0.7114897    0.02155488   0.001185684      1.077744    0.05928420          0.7063702          0.1693389   0.0009098498   4.640544e-05   5.422630e-04   2.483429e-05
4      KM     none  NA 20             0.55  16.21094 0.7104023    0.02154304   0.001195713      1.077152    0.05978566          0.7335793          0.1783681   0.0001284364   4.413046e-05   4.884260e-05   7.730472e-06
5      LM     none  NA 20             1.00  16.21067 0.7105191    0.02153822   0.001197190      1.076911    0.05985950          0.7077261          0.1721499   0.0000000000   0.000000e+00             NA             NA
6     OBS     none  NA 20             1.00  16.22526 0.7114914    0.02156090   0.001188705      1.078045    0.05943526          0.7071455          0.1699434   0.0009144374   3.526184e-05   6.045532e-04   1.974093e-05
7     BLM     none  NA 20             1.00  17.77155 0.8797018    0.02226392   0.001292046      1.113196    0.06460230          0.8814646          0.2169379   0.0002729590   4.658290e-06   9.048976e-05   2.421341e-06
8    CIRG     none  NA 20             0.30  17.77260 0.8798838    0.02235585   0.001285166      1.117792    0.06425830          1.0090444          0.2378671   0.0004000636   1.942308e-04   9.650507e-05   1.879177e-05
9     CPF     none  NA 20             1.00  17.78825 0.8811928    0.02228473   0.001281701      1.114237    0.06408503          0.8808347          0.2149417   0.0009602791   5.360049e-05   5.771666e-04   3.040745e-05
10     KM     none  NA 20             0.50  17.77181 0.8795789    0.02226835   0.001288482      1.113418    0.06442411          0.9132956          0.2263191   0.0001391210   6.352979e-05   4.675692e-05   5.982635e-06
11     LM     none  NA 20             1.00  17.77155 0.8797018    0.02226392   0.001292046      1.113196    0.06460230          0.8814646          0.2169379   0.0000000000   0.000000e+00             NA             NA
12    OBS     none  NA 20             1.00  17.78736 0.8811141    0.02228349   0.001283973      1.114175    0.06419867          0.8801468          0.2149214   0.0009591531   4.055550e-05   6.416537e-04   2.311605e-05
   Var_e_hat_mean Var_e_hat_MCSE Var_a_MSE_mean Var_a_MSE_MCSE Var_b_MSE_mean Var_b_MSE_MCSE Var_e_MSE_mean Var_e_MSE_MCSE   G_MSE_mean   G_MSE_MCSE selected_K_mean selected_K_MCSE runtime_mean runtime_MCSE
1        16.16082      0.7121866      0.2497357   3.835266e-06    0.009982776   4.043689e-07       60.91439       10.93307 0.0002879179 9.243662e-09            1.00       0.0000000      0.72130 0.0262846864
2        16.15660      0.7120343      0.2497369   8.155736e-05    0.009981612   3.306700e-06       60.84974       10.92586 0.0002878960 8.842475e-08            2.75       0.2980198     93.00920 5.0133355025
3        16.14560      0.7119569      0.2490910   4.631580e-05    0.009891853   4.937569e-06       60.69041       10.90288 0.0002859222 1.090594e-07            7.85       0.2541757      2.31210 0.1448954414
4        16.15883      0.7122006      0.2498716   4.409209e-05    0.009990235   1.544832e-06       60.88628       10.92971 0.0002881136 4.264741e-08            2.00       0.0000000     78.38030 4.1507711744
5        16.15811      0.7121000      0.2500000   0.000000e+00             NA             NA       60.87312       10.92784           NA           NA            1.00       0.0000000      0.01660 0.0008596205
6        16.14693      0.7120773      0.2490864   3.519401e-05    0.009879462   3.923216e-06       60.71261       10.90668 0.0002856823 8.701009e-08           10.00       0.0000000      3.25120 0.1648264414
7        17.67796      0.8694685      5.0612718   2.095978e-05    0.009981910   4.838294e-07       89.67059       16.63872 0.0021377806 1.734719e-08            1.00       0.0000000      0.74970 0.0379783248
8        17.67303      0.8692728      5.0607006   8.733103e-04    0.009980715   3.752950e-06       89.57857       16.62841 0.0021375380 3.868467e-07            2.75       0.2980198     98.56285 4.7475156541
9        17.66160      0.8692677      5.0581797   2.410891e-04    0.009884917   6.043115e-06       89.38022       16.59676 0.0021347273 1.953850e-07            7.80       0.2127514      2.68765 0.1703243543
10       17.67569      0.8694726      5.0618741   2.857962e-04    0.009990651   1.195741e-06       89.63135       16.63369 0.0021381802 1.280366e-07            2.00       0.0000000     84.28565 4.1724181763
11       17.67506      0.8693646      5.0625000   0.000000e+00             NA             NA       89.61678       16.63166           NA           NA            1.00       0.0000000      0.01770 0.0009762981
12       17.66307      0.8692821      5.0581848   1.824180e-04    0.009872091   4.593097e-06       89.40618       16.60050 0.0021344826 1.515292e-07           10.00       0.0000000      4.66070 0.3602676206
   iterations_mean iterations_MCSE group_ARI_mean group_ARI_MCSE objective_mean objective_MCSE I_optimal_mean I_optimal_MCSE IMSPE_selected_mean IMSPE_selected_MCSE case R_setting Var_a_setting
1            56.95       0.8350071   0.0000000000   0.0000000000             NA             NA             NA             NA                  NA                  NA    6        10          0.50
2           261.75      15.8248431   0.0001656975   0.0002063536      -16.26939      0.7170152      0.1146117    0.004951686            16.26939           0.7170152    6        10          0.50
3           173.70       6.8171996  -0.0002992667   0.0002559756             NA             NA             NA             NA                  NA                  NA    6        10          0.50
4           244.70      15.5104549  -0.0002499007   0.0001659526             NA             NA             NA             NA                  NA                  NA    6        10          0.50
5             1.00       0.0000000             NA             NA             NA             NA             NA             NA                  NA                  NA    6        10          0.50
6           187.70       5.1222425  -0.0002519361   0.0001109870             NA             NA             NA             NA                  NA                  NA    6        10          0.50
7            58.50       0.9389244   0.0000000000   0.0000000000             NA             NA             NA             NA                  NA                  NA    6        10          2.25
8           269.65      13.0301826   0.0001656975   0.0002063536      -17.79636      0.8753266      0.1251681    0.006097062            17.79636           0.8753266    6        10          2.25
9           176.55       6.1470896  -0.0000718203   0.0003238489             NA             NA             NA             NA                  NA                  NA    6        10          2.25
10          253.60      13.6796814  -0.0002499007   0.0001659526             NA             NA             NA             NA                  NA                  NA    6        10          2.25
11            1.00       0.0000000             NA             NA             NA             NA             NA             NA                  NA                  NA    6        10          2.25
12          192.20       4.6029739  -0.0002519361   0.0001109870             NA             NA             NA             NA                  NA                  NA    6        10          2.25
