Host: erc-hpc-comp007
MODEL=RI CASE=16 R_LIST=50 VAR_A_LIST=0.5,2.25
LABEL_POLICY=unknown MIS_TYPE=none RHO=0 LAMBDA=0 CIRG_CRITERION=IMSPE
NLOOP=20 SA_MAX=25 EM_MAX=300 K_GRID_POINTS=8 N_CORES=8
============================================================
Method comparison
MODEL=RI cases=16 label_policy=unknown misspec=none rho=0
N=2500 p=50 R=50 Var.a=0.5,2.25
nloop=20 tau=255 lambda=0 CIRG_CRITERION=IMSPE
Budgets: SA_MAX=25 EM_MAX=300 K_GRID_POINTS=8 KMEANS_NUM_INIT=1 KMEANS_MAX_ITERS=25 CPF_LAMBDA_POINTS=6 CPF_MAX_ITER=300 BLM_NSTART=5 N_CORES=8
Methods: LM, KM, OBS, CPF, BLM, CIRG
============================================================

Running case=16 R=50 Var.a=0.5
Saved: results_comparison/RI_case16_R50_vara0.5_lambda0_none.rds 

Running case=16 R=50 Var.a=2.25
Saved: results_comparison/RI_case16_R50_vara2.25_lambda0_none.rds 

Finished. Elapsed minutes: 7.387417 
Saved combined: results_comparison/RI_cases16_R50_vara0.50-2.25_grid_lambda0_none.rds 

   method mis_type rho  n convergence_rate MSPE_mean  MSPE_MCSE beta_MSE_mean beta_MSE_MCSE beta_SSE_mean beta_SSE_MCSE intercept_MSE_mean intercept_MSE_MCSE Var_a_hat_mean Var_a_hat_MCSE Var_b_hat_mean Var_b_hat_MCSE
1     BLM     none  NA 20                1  9.667611 0.04814876   0.004746444  0.0001756885     0.2373222   0.008784426         0.09280849        0.008058987    0.062489424    0.003740901             NA             NA
2    CIRG     none  NA 20                1  9.628427 0.04832318   0.004520940  0.0002016115     0.2260470   0.010080575         0.09137109        0.006709508    0.005056394    0.001680803             NA             NA
3     CPF     none  NA 20                1  9.648256 0.04848808   0.004735450  0.0001751666     0.2367725   0.008758331         0.12837446        0.031701345    0.113894444    0.009855254             NA             NA
4      KM     none  NA 20                1  9.630349 0.04827234   0.004611171  0.0001904505     0.2305585   0.009522524         0.08783690        0.006558444    0.002265279    0.001463440             NA             NA
5      LM     none  NA 20                1  9.631962 0.04849620   0.004726540  0.0001718294     0.2363270   0.008591470         0.08520913        0.006146903    0.000000000    0.000000000             NA             NA
6     OBS     none  NA 20                1  9.632772 0.04842747   0.004728174  0.0001719519     0.2364087   0.008597596         0.08517172        0.006128838    0.006198533    0.001196561             NA             NA
7     BLM     none  NA 20                1 11.632506 0.06184094   0.012934300  0.0002919474     0.6467150   0.014597372         0.36298549        0.015708269    0.068125396    0.003948782             NA             NA
8    CIRG     none  NA 20                1 11.563281 0.06214787   0.011426757  0.0004562540     0.5713379   0.022812699         0.40852490        0.018244563    0.026339462    0.006475691             NA             NA
9     CPF     none  NA 20                1 11.609028 0.06200788   0.012929483  0.0002931253     0.6464742   0.014656263         0.41405143        0.054951074    0.126674142    0.012069625             NA             NA
10     KM     none  NA 20                1 11.590410 0.06127010   0.012545706  0.0003925019     0.6272853   0.019625094         0.36622148        0.014256816    0.003939261    0.002610349             NA             NA
11     LM     none  NA 20                1 11.595179 0.06164268   0.012906953  0.0002892428     0.6453477   0.014462140         0.35877573        0.012734109    0.000000000    0.000000000             NA             NA
12    OBS     none  NA 20                1 11.595724 0.06167267   0.012909678  0.0002891774     0.6454839   0.014458869         0.35870177        0.012713775    0.006834202    0.001121894             NA             NA
   Var_e_hat_mean Var_e_hat_MCSE Var_a_MSE_mean Var_a_MSE_MCSE Var_b_MSE_mean Var_b_MSE_MCSE Var_e_MSE_mean Var_e_MSE_MCSE G_MSE_mean G_MSE_MCSE selected_K_mean selected_K_MCSE runtime_mean runtime_MCSE iterations_mean
1        9.060156     0.03339519      0.1916814    0.003243899             NA             NA     0.02480825    0.004499309         NA         NA            9.90      0.06882472      0.10210 0.0020773211           11.15
2        9.105661     0.03385182      0.2450228    0.001647541             NA             NA     0.03293718    0.006166214         NA         NA            3.10      0.33166248     14.32035 0.7216273688           23.25
3        9.087925     0.03414474      0.1509229    0.007448601             NA             NA     0.02988228    0.005604364         NA         NA            4.50      0.37346176      0.34525 0.0048285745           12.95
4        9.107695     0.03380374      0.2477805    0.001431356             NA             NA     0.03330945    0.006171323         NA         NA            2.00      0.00000000     58.15145 5.5503839964           17.00
5        9.108450     0.03394030      0.2500000    0.000000000             NA             NA     0.03364831    0.006293827         NA         NA            1.00      0.00000000      0.01040 0.0010036774            1.00
6        9.102623     0.03359483      0.2438671    0.001174672             NA             NA     0.03197502    0.006026562         NA         NA           50.00      0.00000000      1.31045 0.0956394676          149.80
7        9.697016     0.03698650      4.7608731    0.017250537             NA             NA     0.51182334    0.049986755         NA         NA           10.00      0.00000000      0.10060 0.0022152581           11.05
8        9.735733     0.03712683      4.9454629    0.028729050             NA             NA     0.56749340    0.053431939         NA         NA            3.05      0.32015621     12.89760 0.3508558813           15.65
9        9.725548     0.03767431      4.5112805    0.050953851             NA             NA     0.55338752    0.052913357         NA         NA            4.75      0.29801978      0.34010 0.0084154932           13.20
10       9.748093     0.03706392      5.0449183    0.011644560             NA             NA     0.58574422    0.053636655         NA         NA            2.00      0.00000000     56.45680 5.2645803350           21.05
11       9.749470     0.03729134      5.0625000    0.000000000             NA             NA     0.58812743    0.054107389         NA         NA            1.00      0.00000000      0.00985 0.0007228416            1.00
12       9.742986     0.03710964      5.0318167    0.005029113             NA             NA     0.57819295    0.053419246         NA         NA           50.00      0.00000000      1.27570 0.0728766478          152.70
   iterations_MCSE group_ARI_mean group_ARI_MCSE objective_mean objective_MCSE I_optimal_mean I_optimal_MCSE IMSPE_selected_mean IMSPE_selected_MCSE case R_setting Var_a_setting
1        0.2741014  -1.446446e-04   0.0001106561             NA             NA             NA             NA                  NA                  NA   16        50          0.50
2        3.2524282   1.815916e-02   0.0011022051      -9.170463     0.03408142     0.06692401    0.001030621            9.170463          0.03408142   16        50          0.50
3        0.6090329  -7.664671e-05   0.0001002812             NA             NA             NA             NA                  NA                  NA   16        50          0.50
4        0.3769685   1.433543e-02   0.0001865132             NA             NA             NA             NA                  NA                  NA   16        50          0.50
5        0.0000000             NA             NA             NA             NA             NA             NA                  NA                  NA   16        50          0.50
6        8.4006892  -9.984639e-06   0.0001469885             NA             NA             NA             NA                  NA                  NA   16        50          0.50
7        0.2663101  -3.262588e-05   0.0001561798             NA             NA             NA             NA                  NA                  NA   16        50          2.25
8        1.5291466   1.805546e-02   0.0010743525      -9.805912     0.03736497     0.07804458    0.002331387            9.805912          0.03736497   16        50          2.25
9        0.8194992  -1.670814e-04   0.0001210339             NA             NA             NA             NA                  NA                  NA   16        50          2.25
10       1.7866096   1.433543e-02   0.0001865132             NA             NA             NA             NA                  NA                  NA   16        50          2.25
11       0.0000000             NA             NA             NA             NA             NA             NA                  NA                  NA   16        50          2.25
12       7.7913920  -9.984639e-06   0.0001469885             NA             NA             NA             NA                  NA                  NA   16        50          2.25
